Clustering jerárquico aglomerativo - prom linkage

Nivel 0:
             1         2         3         4         5         6         7
   1      0.00      2.15      0.70      1.07      0.85      1.16      1.56
   2      2.15      0.00      1.53      1.14      1.38      1.01      2.83
   3      0.70      1.53      0.00      0.43      0.21      0.55      1.86
   4      1.07      1.14      0.43      0.00      0.29      0.22      2.04
   5      0.85      1.38      0.21      0.29      0.00      0.41      2.02
   6      1.16      1.01      0.55      0.22      0.41      0.00      2.05
   7      1.56      2.83      1.86      2.04      2.02      2.05      0.00

Se unieron: 3 y 5 (distancia: 0.21)

Nivel 1:
             1         2         4         6         7    (3, 5)
   1      0.00      2.15      1.07      1.16      1.56      0.77
   2      2.15      0.00      1.14      1.01      2.83      1.46
   4      1.07      1.14      0.00      0.22      2.04      0.36
   6      1.16      1.01      0.22      0.00      2.05      0.48
   7      1.56      2.83      2.04      2.05      0.00      1.94
(3, 5)      0.77      1.46      0.36      0.48      1.94      0.00

Se unieron: 4 y 6 (distancia: 0.22)

Nivel 2:
             1         2         7    (3, 5)    (4, 6)
   1      0.00      2.15      1.56      0.77      1.11
   2      2.15      0.00      2.83      1.46      1.07
   7      1.56      2.83      0.00      1.94      2.04
(3, 5)      0.77      1.46      1.94      0.00      0.42
(4, 6)      1.11      1.07      2.04      0.42      0.00

Se unieron: (3, 5) y (4, 6) (distancia: 0.42)

Nivel 3:
             1         2         7((3, 5), (4, 6))
   1      0.00      2.15      1.56      0.94
   2      2.15      0.00      2.83      1.27
   7      1.56      2.83      0.00      1.99
((3, 5), (4, 6))      0.94      1.27      1.99      0.00

Se unieron: 1 y ((3, 5), (4, 6)) (distancia: 0.94)

Nivel 4:
             2         7(1, ((3, 5), (4, 6)))
   2      0.00      2.83      1.71
   7      2.83      0.00      1.78
(1, ((3, 5), (4, 6)))      1.71      1.78      0.00

Se unieron: 2 y (1, ((3, 5), (4, 6))) (distancia: 1.71)

Nivel 5:
             7(2, (1, ((3, 5), (4, 6))))
   7      0.00      2.30
(2, (1, ((3, 5), (4, 6))))      2.30      0.00

Se unieron: 7 y (2, (1, ((3, 5), (4, 6)))) (distancia: 2.30)


Resumen de niveles de agrupamiento:
Nivel 0: (3, 5)  distancia: 0.210000
Nivel 1: (4, 6)  distancia: 0.220000
Nivel 2: ((3, 5), (4, 6))  distancia: 0.420000
Nivel 3: (1, ((3, 5), (4, 6)))  distancia: 0.945000
Nivel 4: (2, (1, ((3, 5), (4, 6))))  distancia: 1.707500
Nivel 5: (7, (2, (1, ((3, 5), (4, 6)))))  distancia: 2.303125

Dendograma: (7, (2, (1, ((3, 5), (4, 6)))))
