Clustering jerárquico aglomerativo - max linkage

Nivel 0:
             1         2         3         4         5         6         7         8         9        10        11        12        13        14        15        16        17        18        19        20        21        22        23        24
   1      0.00     41.62     18.05     30.02     16.55     38.05     30.85     49.38     14.56     24.85     29.33     22.89     32.69     42.45     27.19     46.45     47.22     66.01     32.20     25.68     15.44     39.72     28.74     22.03
   2     41.62      0.00     36.19     24.69     34.02     14.33     20.92     43.21     31.02     26.11     18.47     24.70     33.54     32.21     20.49     15.95     19.16     34.82     24.79     20.73     33.78     14.26     33.25     30.35
   3     18.05     36.19      0.00     23.84      6.21     34.01     20.95     47.10     14.66     20.27     23.63     20.19     25.42     34.08     19.21     41.08     42.26     61.76     24.29     18.86      9.92     32.03     21.19     15.95
   4     30.02     24.69     23.84      0.00     20.64     30.29     10.47     39.62     20.69      6.55      8.50      9.91     12.76     16.37     12.01     35.15     28.26     57.01      5.05     11.01     17.19     19.59     17.40     11.09
   5     16.55     34.02      6.21     20.64      0.00     32.09     19.18     45.99     10.94     16.73     20.83     17.28     22.22     32.11     16.36     39.21     39.70     60.33     21.27     16.06      8.04     30.04     19.88     12.14
   6     38.05     14.33     34.01     30.29     32.09      0.00     24.75     50.11     28.06     29.90     24.51     27.95     37.26     41.66     21.85     12.38     27.26     29.32     30.44     24.05     33.53     21.11     37.07     31.57
   7     30.85     20.92     20.95     10.47     19.18     24.75      0.00     41.21     19.12     11.92      9.07     14.16     16.01     20.26      6.11     28.44     28.96     50.85     10.39      8.34     17.73     13.97     16.72     12.73
   8     49.38     43.21     47.10     39.62     45.99     50.11     41.21      0.00     47.05     42.05     36.10     40.16     42.16     34.81     40.62     50.43     52.46     67.95     43.08     38.28     43.22     40.85      8.02     43.35
   9     14.56     31.02     14.66     20.69     10.94     28.06     19.12     47.05      0.00     16.14     19.22     16.51     22.84     33.99     14.99     34.82     38.84     56.02     22.31     14.58     11.50     27.07     20.10     12.67
  10     24.85     26.11     20.27      6.55     16.73     29.90     11.92     42.05     16.14      0.00     10.34      6.45     15.63     21.01     11.83     35.97     28.99     57.96      8.03     10.30     12.98     22.53     17.83      7.83
  11     29.33     18.47     23.63      8.50     20.83     24.51      9.07     36.10     19.22     10.34      0.00     10.39     17.56     19.33      8.96     28.79     26.87     50.90     11.31      5.90     18.37     14.08     17.01     14.37
  12     22.89     24.70     20.19      9.91     17.28     27.95     14.16     40.16     16.51      6.45     10.39      0.00     20.31     24.12     13.18     35.35     27.86     56.44     12.20     11.01     12.90     23.55     20.70     11.66
  13     32.69     33.54     25.42     12.76     22.22     37.26     16.01     42.16     22.84     15.63     17.56     20.31      0.00     17.94     16.93     40.16     39.46     62.46     14.36     17.35     20.00     23.74     13.99     12.99
  14     42.45     32.21     34.08     16.37     32.11     41.66     20.26     34.81     33.99     21.01     19.33     24.12     17.94      0.00     23.84     42.81     35.57     64.64     17.07     22.28     28.84     24.91     20.51     23.63
  15     27.19     20.49     19.21     12.01     16.36     21.85      6.11     40.62     14.99     11.83      8.96     13.18     16.93     23.84      0.00     26.50     29.81     49.04     12.95      6.36     15.93     15.00     17.48     11.33
  16     46.45     15.95     41.08     35.15     39.21     12.38     28.44     50.43     34.82     35.97     28.79     35.35     40.16     42.81     26.50      0.00     32.25     23.60     35.29     28.74     40.68     19.70     39.39     37.33
  17     47.22     19.16     42.26     28.26     39.70     27.26     28.96     52.46     38.84     28.99     26.87     27.86     39.46     35.57     29.81     32.25      0.00     46.12     26.24     29.90     38.99     29.01     42.54     35.25
  18     66.01     34.82     61.76     57.01     60.33     29.32     50.85     67.95     56.02     57.96     50.90     56.44     62.46     64.64     49.04     23.60     46.12      0.00     56.89     51.26     62.30     41.59     62.28     59.67
  19     32.20     24.79     24.29      5.05     21.27     30.44     10.39     43.08     22.31      8.03     11.31     12.20     14.36     17.07     12.95     35.29     26.24     56.89      0.00     13.01     18.87     20.37     19.88     12.36
  20     25.68     20.73     18.86     11.01     16.06     24.05      8.34     38.28     14.58     10.30      5.90     11.01     17.35     22.28      6.36     28.74     29.90     51.26     13.01      0.00     14.90     15.51     14.58     11.84
  21     15.44     33.78      9.92     17.19      8.04     33.53     17.73     43.22     11.50     12.98     18.37     12.90     20.00     28.84     15.93     40.68     38.99     62.30     18.87     14.90      0.00     29.46     17.61      9.03
  22     39.72     14.26     32.03     19.59     30.04     21.11     13.97     40.85     27.07     22.53     14.08     23.55     23.74     24.91     15.00     19.70     29.01     41.59     20.37     15.51     29.46      0.00     23.10     24.61
  23     28.74     33.25     21.19     17.40     19.88     37.07     16.72      8.02     20.10     17.83     17.01     20.70     13.99     20.51     17.48     39.39     42.54     62.28     19.88     14.58     17.61     23.10      0.00     15.53
  24     22.03     30.35     15.95     11.09     12.14     31.57     12.73     43.35     12.67      7.83     14.37     11.66     12.99     23.63     11.33     37.33     35.25     59.67     12.36     11.84      9.03     24.61     15.53      0.00

Se unieron: 4 y 19 (distancia: 5.05)

Nivel 1:
             1         2         3         5         6         7         8         9        10        11        12        13        14        15        16        17        18        20        21        22        23        24   (4, 19)
   1      0.00     41.62     18.05     16.55     38.05     30.85     49.38     14.56     24.85     29.33     22.89     32.69     42.45     27.19     46.45     47.22     66.01     25.68     15.44     39.72     28.74     22.03     32.20
   2     41.62      0.00     36.19     34.02     14.33     20.92     43.21     31.02     26.11     18.47     24.70     33.54     32.21     20.49     15.95     19.16     34.82     20.73     33.78     14.26     33.25     30.35     24.79
   3     18.05     36.19      0.00      6.21     34.01     20.95     47.10     14.66     20.27     23.63     20.19     25.42     34.08     19.21     41.08     42.26     61.76     18.86      9.92     32.03     21.19     15.95     24.29
   5     16.55     34.02      6.21      0.00     32.09     19.18     45.99     10.94     16.73     20.83     17.28     22.22     32.11     16.36     39.21     39.70     60.33     16.06      8.04     30.04     19.88     12.14     21.27
   6     38.05     14.33     34.01     32.09      0.00     24.75     50.11     28.06     29.90     24.51     27.95     37.26     41.66     21.85     12.38     27.26     29.32     24.05     33.53     21.11     37.07     31.57     30.44
   7     30.85     20.92     20.95     19.18     24.75      0.00     41.21     19.12     11.92      9.07     14.16     16.01     20.26      6.11     28.44     28.96     50.85      8.34     17.73     13.97     16.72     12.73     10.47
   8     49.38     43.21     47.10     45.99     50.11     41.21      0.00     47.05     42.05     36.10     40.16     42.16     34.81     40.62     50.43     52.46     67.95     38.28     43.22     40.85      8.02     43.35     43.08
   9     14.56     31.02     14.66     10.94     28.06     19.12     47.05      0.00     16.14     19.22     16.51     22.84     33.99     14.99     34.82     38.84     56.02     14.58     11.50     27.07     20.10     12.67     22.31
  10     24.85     26.11     20.27     16.73     29.90     11.92     42.05     16.14      0.00     10.34      6.45     15.63     21.01     11.83     35.97     28.99     57.96     10.30     12.98     22.53     17.83      7.83      8.03
  11     29.33     18.47     23.63     20.83     24.51      9.07     36.10     19.22     10.34      0.00     10.39     17.56     19.33      8.96     28.79     26.87     50.90      5.90     18.37     14.08     17.01     14.37     11.31
  12     22.89     24.70     20.19     17.28     27.95     14.16     40.16     16.51      6.45     10.39      0.00     20.31     24.12     13.18     35.35     27.86     56.44     11.01     12.90     23.55     20.70     11.66     12.20
  13     32.69     33.54     25.42     22.22     37.26     16.01     42.16     22.84     15.63     17.56     20.31      0.00     17.94     16.93     40.16     39.46     62.46     17.35     20.00     23.74     13.99     12.99     14.36
  14     42.45     32.21     34.08     32.11     41.66     20.26     34.81     33.99     21.01     19.33     24.12     17.94      0.00     23.84     42.81     35.57     64.64     22.28     28.84     24.91     20.51     23.63     17.07
  15     27.19     20.49     19.21     16.36     21.85      6.11     40.62     14.99     11.83      8.96     13.18     16.93     23.84      0.00     26.50     29.81     49.04      6.36     15.93     15.00     17.48     11.33     12.95
  16     46.45     15.95     41.08     39.21     12.38     28.44     50.43     34.82     35.97     28.79     35.35     40.16     42.81     26.50      0.00     32.25     23.60     28.74     40.68     19.70     39.39     37.33     35.29
  17     47.22     19.16     42.26     39.70     27.26     28.96     52.46     38.84     28.99     26.87     27.86     39.46     35.57     29.81     32.25      0.00     46.12     29.90     38.99     29.01     42.54     35.25     28.26
  18     66.01     34.82     61.76     60.33     29.32     50.85     67.95     56.02     57.96     50.90     56.44     62.46     64.64     49.04     23.60     46.12      0.00     51.26     62.30     41.59     62.28     59.67     57.01
  20     25.68     20.73     18.86     16.06     24.05      8.34     38.28     14.58     10.30      5.90     11.01     17.35     22.28      6.36     28.74     29.90     51.26      0.00     14.90     15.51     14.58     11.84     13.01
  21     15.44     33.78      9.92      8.04     33.53     17.73     43.22     11.50     12.98     18.37     12.90     20.00     28.84     15.93     40.68     38.99     62.30     14.90      0.00     29.46     17.61      9.03     18.87
  22     39.72     14.26     32.03     30.04     21.11     13.97     40.85     27.07     22.53     14.08     23.55     23.74     24.91     15.00     19.70     29.01     41.59     15.51     29.46      0.00     23.10     24.61     20.37
  23     28.74     33.25     21.19     19.88     37.07     16.72      8.02     20.10     17.83     17.01     20.70     13.99     20.51     17.48     39.39     42.54     62.28     14.58     17.61     23.10      0.00     15.53     19.88
  24     22.03     30.35     15.95     12.14     31.57     12.73     43.35     12.67      7.83     14.37     11.66     12.99     23.63     11.33     37.33     35.25     59.67     11.84      9.03     24.61     15.53      0.00     12.36
(4, 19)     32.20     24.79     24.29     21.27     30.44     10.47     43.08     22.31      8.03     11.31     12.20     14.36     17.07     12.95     35.29     28.26     57.01     13.01     18.87     20.37     19.88     12.36      0.00

Se unieron: 11 y 20 (distancia: 5.90)

Nivel 2:
             1         2         3         5         6         7         8         9        10        12        13        14        15        16        17        18        21        22        23        24   (4, 19)  (11, 20)
   1      0.00     41.62     18.05     16.55     38.05     30.85     49.38     14.56     24.85     22.89     32.69     42.45     27.19     46.45     47.22     66.01     15.44     39.72     28.74     22.03     32.20     29.33
   2     41.62      0.00     36.19     34.02     14.33     20.92     43.21     31.02     26.11     24.70     33.54     32.21     20.49     15.95     19.16     34.82     33.78     14.26     33.25     30.35     24.79     20.73
   3     18.05     36.19      0.00      6.21     34.01     20.95     47.10     14.66     20.27     20.19     25.42     34.08     19.21     41.08     42.26     61.76      9.92     32.03     21.19     15.95     24.29     23.63
   5     16.55     34.02      6.21      0.00     32.09     19.18     45.99     10.94     16.73     17.28     22.22     32.11     16.36     39.21     39.70     60.33      8.04     30.04     19.88     12.14     21.27     20.83
   6     38.05     14.33     34.01     32.09      0.00     24.75     50.11     28.06     29.90     27.95     37.26     41.66     21.85     12.38     27.26     29.32     33.53     21.11     37.07     31.57     30.44     24.51
   7     30.85     20.92     20.95     19.18     24.75      0.00     41.21     19.12     11.92     14.16     16.01     20.26      6.11     28.44     28.96     50.85     17.73     13.97     16.72     12.73     10.47      9.07
   8     49.38     43.21     47.10     45.99     50.11     41.21      0.00     47.05     42.05     40.16     42.16     34.81     40.62     50.43     52.46     67.95     43.22     40.85      8.02     43.35     43.08     38.28
   9     14.56     31.02     14.66     10.94     28.06     19.12     47.05      0.00     16.14     16.51     22.84     33.99     14.99     34.82     38.84     56.02     11.50     27.07     20.10     12.67     22.31     19.22
  10     24.85     26.11     20.27     16.73     29.90     11.92     42.05     16.14      0.00      6.45     15.63     21.01     11.83     35.97     28.99     57.96     12.98     22.53     17.83      7.83      8.03     10.34
  12     22.89     24.70     20.19     17.28     27.95     14.16     40.16     16.51      6.45      0.00     20.31     24.12     13.18     35.35     27.86     56.44     12.90     23.55     20.70     11.66     12.20     11.01
  13     32.69     33.54     25.42     22.22     37.26     16.01     42.16     22.84     15.63     20.31      0.00     17.94     16.93     40.16     39.46     62.46     20.00     23.74     13.99     12.99     14.36     17.56
  14     42.45     32.21     34.08     32.11     41.66     20.26     34.81     33.99     21.01     24.12     17.94      0.00     23.84     42.81     35.57     64.64     28.84     24.91     20.51     23.63     17.07     22.28
  15     27.19     20.49     19.21     16.36     21.85      6.11     40.62     14.99     11.83     13.18     16.93     23.84      0.00     26.50     29.81     49.04     15.93     15.00     17.48     11.33     12.95      8.96
  16     46.45     15.95     41.08     39.21     12.38     28.44     50.43     34.82     35.97     35.35     40.16     42.81     26.50      0.00     32.25     23.60     40.68     19.70     39.39     37.33     35.29     28.79
  17     47.22     19.16     42.26     39.70     27.26     28.96     52.46     38.84     28.99     27.86     39.46     35.57     29.81     32.25      0.00     46.12     38.99     29.01     42.54     35.25     28.26     29.90
  18     66.01     34.82     61.76     60.33     29.32     50.85     67.95     56.02     57.96     56.44     62.46     64.64     49.04     23.60     46.12      0.00     62.30     41.59     62.28     59.67     57.01     51.26
  21     15.44     33.78      9.92      8.04     33.53     17.73     43.22     11.50     12.98     12.90     20.00     28.84     15.93     40.68     38.99     62.30      0.00     29.46     17.61      9.03     18.87     18.37
  22     39.72     14.26     32.03     30.04     21.11     13.97     40.85     27.07     22.53     23.55     23.74     24.91     15.00     19.70     29.01     41.59     29.46      0.00     23.10     24.61     20.37     15.51
  23     28.74     33.25     21.19     19.88     37.07     16.72      8.02     20.10     17.83     20.70     13.99     20.51     17.48     39.39     42.54     62.28     17.61     23.10      0.00     15.53     19.88     17.01
  24     22.03     30.35     15.95     12.14     31.57     12.73     43.35     12.67      7.83     11.66     12.99     23.63     11.33     37.33     35.25     59.67      9.03     24.61     15.53      0.00     12.36     14.37
(4, 19)     32.20     24.79     24.29     21.27     30.44     10.47     43.08     22.31      8.03     12.20     14.36     17.07     12.95     35.29     28.26     57.01     18.87     20.37     19.88     12.36      0.00     13.01
(11, 20)     29.33     20.73     23.63     20.83     24.51      9.07     38.28     19.22     10.34     11.01     17.56     22.28      8.96     28.79     29.90     51.26     18.37     15.51     17.01     14.37     13.01      0.00

Se unieron: 7 y 15 (distancia: 6.11)

Nivel 3:
             1         2         3         5         6         8         9        10        12        13        14        16        17        18        21        22        23        24   (4, 19)  (11, 20)   (7, 15)
   1      0.00     41.62     18.05     16.55     38.05     49.38     14.56     24.85     22.89     32.69     42.45     46.45     47.22     66.01     15.44     39.72     28.74     22.03     32.20     29.33     30.85
   2     41.62      0.00     36.19     34.02     14.33     43.21     31.02     26.11     24.70     33.54     32.21     15.95     19.16     34.82     33.78     14.26     33.25     30.35     24.79     20.73     20.92
   3     18.05     36.19      0.00      6.21     34.01     47.10     14.66     20.27     20.19     25.42     34.08     41.08     42.26     61.76      9.92     32.03     21.19     15.95     24.29     23.63     20.95
   5     16.55     34.02      6.21      0.00     32.09     45.99     10.94     16.73     17.28     22.22     32.11     39.21     39.70     60.33      8.04     30.04     19.88     12.14     21.27     20.83     19.18
   6     38.05     14.33     34.01     32.09      0.00     50.11     28.06     29.90     27.95     37.26     41.66     12.38     27.26     29.32     33.53     21.11     37.07     31.57     30.44     24.51     24.75
   8     49.38     43.21     47.10     45.99     50.11      0.00     47.05     42.05     40.16     42.16     34.81     50.43     52.46     67.95     43.22     40.85      8.02     43.35     43.08     38.28     41.21
   9     14.56     31.02     14.66     10.94     28.06     47.05      0.00     16.14     16.51     22.84     33.99     34.82     38.84     56.02     11.50     27.07     20.10     12.67     22.31     19.22     19.12
  10     24.85     26.11     20.27     16.73     29.90     42.05     16.14      0.00      6.45     15.63     21.01     35.97     28.99     57.96     12.98     22.53     17.83      7.83      8.03     10.34     11.92
  12     22.89     24.70     20.19     17.28     27.95     40.16     16.51      6.45      0.00     20.31     24.12     35.35     27.86     56.44     12.90     23.55     20.70     11.66     12.20     11.01     14.16
  13     32.69     33.54     25.42     22.22     37.26     42.16     22.84     15.63     20.31      0.00     17.94     40.16     39.46     62.46     20.00     23.74     13.99     12.99     14.36     17.56     16.93
  14     42.45     32.21     34.08     32.11     41.66     34.81     33.99     21.01     24.12     17.94      0.00     42.81     35.57     64.64     28.84     24.91     20.51     23.63     17.07     22.28     23.84
  16     46.45     15.95     41.08     39.21     12.38     50.43     34.82     35.97     35.35     40.16     42.81      0.00     32.25     23.60     40.68     19.70     39.39     37.33     35.29     28.79     28.44
  17     47.22     19.16     42.26     39.70     27.26     52.46     38.84     28.99     27.86     39.46     35.57     32.25      0.00     46.12     38.99     29.01     42.54     35.25     28.26     29.90     29.81
  18     66.01     34.82     61.76     60.33     29.32     67.95     56.02     57.96     56.44     62.46     64.64     23.60     46.12      0.00     62.30     41.59     62.28     59.67     57.01     51.26     50.85
  21     15.44     33.78      9.92      8.04     33.53     43.22     11.50     12.98     12.90     20.00     28.84     40.68     38.99     62.30      0.00     29.46     17.61      9.03     18.87     18.37     17.73
  22     39.72     14.26     32.03     30.04     21.11     40.85     27.07     22.53     23.55     23.74     24.91     19.70     29.01     41.59     29.46      0.00     23.10     24.61     20.37     15.51     15.00
  23     28.74     33.25     21.19     19.88     37.07      8.02     20.10     17.83     20.70     13.99     20.51     39.39     42.54     62.28     17.61     23.10      0.00     15.53     19.88     17.01     17.48
  24     22.03     30.35     15.95     12.14     31.57     43.35     12.67      7.83     11.66     12.99     23.63     37.33     35.25     59.67      9.03     24.61     15.53      0.00     12.36     14.37     12.73
(4, 19)     32.20     24.79     24.29     21.27     30.44     43.08     22.31      8.03     12.20     14.36     17.07     35.29     28.26     57.01     18.87     20.37     19.88     12.36      0.00     13.01     12.95
(11, 20)     29.33     20.73     23.63     20.83     24.51     38.28     19.22     10.34     11.01     17.56     22.28     28.79     29.90     51.26     18.37     15.51     17.01     14.37     13.01      0.00      9.07
(7, 15)     30.85     20.92     20.95     19.18     24.75     41.21     19.12     11.92     14.16     16.93     23.84     28.44     29.81     50.85     17.73     15.00     17.48     12.73     12.95      9.07      0.00

Se unieron: 3 y 5 (distancia: 6.21)

Nivel 4:
             1         2         6         8         9        10        12        13        14        16        17        18        21        22        23        24   (4, 19)  (11, 20)   (7, 15)    (3, 5)
   1      0.00     41.62     38.05     49.38     14.56     24.85     22.89     32.69     42.45     46.45     47.22     66.01     15.44     39.72     28.74     22.03     32.20     29.33     30.85     18.05
   2     41.62      0.00     14.33     43.21     31.02     26.11     24.70     33.54     32.21     15.95     19.16     34.82     33.78     14.26     33.25     30.35     24.79     20.73     20.92     36.19
   6     38.05     14.33      0.00     50.11     28.06     29.90     27.95     37.26     41.66     12.38     27.26     29.32     33.53     21.11     37.07     31.57     30.44     24.51     24.75     34.01
   8     49.38     43.21     50.11      0.00     47.05     42.05     40.16     42.16     34.81     50.43     52.46     67.95     43.22     40.85      8.02     43.35     43.08     38.28     41.21     47.10
   9     14.56     31.02     28.06     47.05      0.00     16.14     16.51     22.84     33.99     34.82     38.84     56.02     11.50     27.07     20.10     12.67     22.31     19.22     19.12     14.66
  10     24.85     26.11     29.90     42.05     16.14      0.00      6.45     15.63     21.01     35.97     28.99     57.96     12.98     22.53     17.83      7.83      8.03     10.34     11.92     20.27
  12     22.89     24.70     27.95     40.16     16.51      6.45      0.00     20.31     24.12     35.35     27.86     56.44     12.90     23.55     20.70     11.66     12.20     11.01     14.16     20.19
  13     32.69     33.54     37.26     42.16     22.84     15.63     20.31      0.00     17.94     40.16     39.46     62.46     20.00     23.74     13.99     12.99     14.36     17.56     16.93     25.42
  14     42.45     32.21     41.66     34.81     33.99     21.01     24.12     17.94      0.00     42.81     35.57     64.64     28.84     24.91     20.51     23.63     17.07     22.28     23.84     34.08
  16     46.45     15.95     12.38     50.43     34.82     35.97     35.35     40.16     42.81      0.00     32.25     23.60     40.68     19.70     39.39     37.33     35.29     28.79     28.44     41.08
  17     47.22     19.16     27.26     52.46     38.84     28.99     27.86     39.46     35.57     32.25      0.00     46.12     38.99     29.01     42.54     35.25     28.26     29.90     29.81     42.26
  18     66.01     34.82     29.32     67.95     56.02     57.96     56.44     62.46     64.64     23.60     46.12      0.00     62.30     41.59     62.28     59.67     57.01     51.26     50.85     61.76
  21     15.44     33.78     33.53     43.22     11.50     12.98     12.90     20.00     28.84     40.68     38.99     62.30      0.00     29.46     17.61      9.03     18.87     18.37     17.73      9.92
  22     39.72     14.26     21.11     40.85     27.07     22.53     23.55     23.74     24.91     19.70     29.01     41.59     29.46      0.00     23.10     24.61     20.37     15.51     15.00     32.03
  23     28.74     33.25     37.07      8.02     20.10     17.83     20.70     13.99     20.51     39.39     42.54     62.28     17.61     23.10      0.00     15.53     19.88     17.01     17.48     21.19
  24     22.03     30.35     31.57     43.35     12.67      7.83     11.66     12.99     23.63     37.33     35.25     59.67      9.03     24.61     15.53      0.00     12.36     14.37     12.73     15.95
(4, 19)     32.20     24.79     30.44     43.08     22.31      8.03     12.20     14.36     17.07     35.29     28.26     57.01     18.87     20.37     19.88     12.36      0.00     13.01     12.95     24.29
(11, 20)     29.33     20.73     24.51     38.28     19.22     10.34     11.01     17.56     22.28     28.79     29.90     51.26     18.37     15.51     17.01     14.37     13.01      0.00      9.07     23.63
(7, 15)     30.85     20.92     24.75     41.21     19.12     11.92     14.16     16.93     23.84     28.44     29.81     50.85     17.73     15.00     17.48     12.73     12.95      9.07      0.00     20.95
(3, 5)     18.05     36.19     34.01     47.10     14.66     20.27     20.19     25.42     34.08     41.08     42.26     61.76      9.92     32.03     21.19     15.95     24.29     23.63     20.95      0.00

Se unieron: 10 y 12 (distancia: 6.45)

Nivel 5:
             1         2         6         8         9        13        14        16        17        18        21        22        23        24   (4, 19)  (11, 20)   (7, 15)    (3, 5)  (10, 12)
   1      0.00     41.62     38.05     49.38     14.56     32.69     42.45     46.45     47.22     66.01     15.44     39.72     28.74     22.03     32.20     29.33     30.85     18.05     24.85
   2     41.62      0.00     14.33     43.21     31.02     33.54     32.21     15.95     19.16     34.82     33.78     14.26     33.25     30.35     24.79     20.73     20.92     36.19     26.11
   6     38.05     14.33      0.00     50.11     28.06     37.26     41.66     12.38     27.26     29.32     33.53     21.11     37.07     31.57     30.44     24.51     24.75     34.01     29.90
   8     49.38     43.21     50.11      0.00     47.05     42.16     34.81     50.43     52.46     67.95     43.22     40.85      8.02     43.35     43.08     38.28     41.21     47.10     42.05
   9     14.56     31.02     28.06     47.05      0.00     22.84     33.99     34.82     38.84     56.02     11.50     27.07     20.10     12.67     22.31     19.22     19.12     14.66     16.51
  13     32.69     33.54     37.26     42.16     22.84      0.00     17.94     40.16     39.46     62.46     20.00     23.74     13.99     12.99     14.36     17.56     16.93     25.42     20.31
  14     42.45     32.21     41.66     34.81     33.99     17.94      0.00     42.81     35.57     64.64     28.84     24.91     20.51     23.63     17.07     22.28     23.84     34.08     24.12
  16     46.45     15.95     12.38     50.43     34.82     40.16     42.81      0.00     32.25     23.60     40.68     19.70     39.39     37.33     35.29     28.79     28.44     41.08     35.97
  17     47.22     19.16     27.26     52.46     38.84     39.46     35.57     32.25      0.00     46.12     38.99     29.01     42.54     35.25     28.26     29.90     29.81     42.26     28.99
  18     66.01     34.82     29.32     67.95     56.02     62.46     64.64     23.60     46.12      0.00     62.30     41.59     62.28     59.67     57.01     51.26     50.85     61.76     57.96
  21     15.44     33.78     33.53     43.22     11.50     20.00     28.84     40.68     38.99     62.30      0.00     29.46     17.61      9.03     18.87     18.37     17.73      9.92     12.98
  22     39.72     14.26     21.11     40.85     27.07     23.74     24.91     19.70     29.01     41.59     29.46      0.00     23.10     24.61     20.37     15.51     15.00     32.03     23.55
  23     28.74     33.25     37.07      8.02     20.10     13.99     20.51     39.39     42.54     62.28     17.61     23.10      0.00     15.53     19.88     17.01     17.48     21.19     20.70
  24     22.03     30.35     31.57     43.35     12.67     12.99     23.63     37.33     35.25     59.67      9.03     24.61     15.53      0.00     12.36     14.37     12.73     15.95     11.66
(4, 19)     32.20     24.79     30.44     43.08     22.31     14.36     17.07     35.29     28.26     57.01     18.87     20.37     19.88     12.36      0.00     13.01     12.95     24.29     12.20
(11, 20)     29.33     20.73     24.51     38.28     19.22     17.56     22.28     28.79     29.90     51.26     18.37     15.51     17.01     14.37     13.01      0.00      9.07     23.63     11.01
(7, 15)     30.85     20.92     24.75     41.21     19.12     16.93     23.84     28.44     29.81     50.85     17.73     15.00     17.48     12.73     12.95      9.07      0.00     20.95     14.16
(3, 5)     18.05     36.19     34.01     47.10     14.66     25.42     34.08     41.08     42.26     61.76      9.92     32.03     21.19     15.95     24.29     23.63     20.95      0.00     20.27
(10, 12)     24.85     26.11     29.90     42.05     16.51     20.31     24.12     35.97     28.99     57.96     12.98     23.55     20.70     11.66     12.20     11.01     14.16     20.27      0.00

Se unieron: 8 y 23 (distancia: 8.02)

Nivel 6:
             1         2         6         9        13        14        16        17        18        21        22        24   (4, 19)  (11, 20)   (7, 15)    (3, 5)  (10, 12)   (8, 23)
   1      0.00     41.62     38.05     14.56     32.69     42.45     46.45     47.22     66.01     15.44     39.72     22.03     32.20     29.33     30.85     18.05     24.85     49.38
   2     41.62      0.00     14.33     31.02     33.54     32.21     15.95     19.16     34.82     33.78     14.26     30.35     24.79     20.73     20.92     36.19     26.11     43.21
   6     38.05     14.33      0.00     28.06     37.26     41.66     12.38     27.26     29.32     33.53     21.11     31.57     30.44     24.51     24.75     34.01     29.90     50.11
   9     14.56     31.02     28.06      0.00     22.84     33.99     34.82     38.84     56.02     11.50     27.07     12.67     22.31     19.22     19.12     14.66     16.51     47.05
  13     32.69     33.54     37.26     22.84      0.00     17.94     40.16     39.46     62.46     20.00     23.74     12.99     14.36     17.56     16.93     25.42     20.31     42.16
  14     42.45     32.21     41.66     33.99     17.94      0.00     42.81     35.57     64.64     28.84     24.91     23.63     17.07     22.28     23.84     34.08     24.12     34.81
  16     46.45     15.95     12.38     34.82     40.16     42.81      0.00     32.25     23.60     40.68     19.70     37.33     35.29     28.79     28.44     41.08     35.97     50.43
  17     47.22     19.16     27.26     38.84     39.46     35.57     32.25      0.00     46.12     38.99     29.01     35.25     28.26     29.90     29.81     42.26     28.99     52.46
  18     66.01     34.82     29.32     56.02     62.46     64.64     23.60     46.12      0.00     62.30     41.59     59.67     57.01     51.26     50.85     61.76     57.96     67.95
  21     15.44     33.78     33.53     11.50     20.00     28.84     40.68     38.99     62.30      0.00     29.46      9.03     18.87     18.37     17.73      9.92     12.98     43.22
  22     39.72     14.26     21.11     27.07     23.74     24.91     19.70     29.01     41.59     29.46      0.00     24.61     20.37     15.51     15.00     32.03     23.55     40.85
  24     22.03     30.35     31.57     12.67     12.99     23.63     37.33     35.25     59.67      9.03     24.61      0.00     12.36     14.37     12.73     15.95     11.66     43.35
(4, 19)     32.20     24.79     30.44     22.31     14.36     17.07     35.29     28.26     57.01     18.87     20.37     12.36      0.00     13.01     12.95     24.29     12.20     43.08
(11, 20)     29.33     20.73     24.51     19.22     17.56     22.28     28.79     29.90     51.26     18.37     15.51     14.37     13.01      0.00      9.07     23.63     11.01     38.28
(7, 15)     30.85     20.92     24.75     19.12     16.93     23.84     28.44     29.81     50.85     17.73     15.00     12.73     12.95      9.07      0.00     20.95     14.16     41.21
(3, 5)     18.05     36.19     34.01     14.66     25.42     34.08     41.08     42.26     61.76      9.92     32.03     15.95     24.29     23.63     20.95      0.00     20.27     47.10
(10, 12)     24.85     26.11     29.90     16.51     20.31     24.12     35.97     28.99     57.96     12.98     23.55     11.66     12.20     11.01     14.16     20.27      0.00     42.05
(8, 23)     49.38     43.21     50.11     47.05     42.16     34.81     50.43     52.46     67.95     43.22     40.85     43.35     43.08     38.28     41.21     47.10     42.05      0.00

Se unieron: 21 y 24 (distancia: 9.03)

Nivel 7:
             1         2         6         9        13        14        16        17        18        22   (4, 19)  (11, 20)   (7, 15)    (3, 5)  (10, 12)   (8, 23)  (21, 24)
   1      0.00     41.62     38.05     14.56     32.69     42.45     46.45     47.22     66.01     39.72     32.20     29.33     30.85     18.05     24.85     49.38     22.03
   2     41.62      0.00     14.33     31.02     33.54     32.21     15.95     19.16     34.82     14.26     24.79     20.73     20.92     36.19     26.11     43.21     33.78
   6     38.05     14.33      0.00     28.06     37.26     41.66     12.38     27.26     29.32     21.11     30.44     24.51     24.75     34.01     29.90     50.11     33.53
   9     14.56     31.02     28.06      0.00     22.84     33.99     34.82     38.84     56.02     27.07     22.31     19.22     19.12     14.66     16.51     47.05     12.67
  13     32.69     33.54     37.26     22.84      0.00     17.94     40.16     39.46     62.46     23.74     14.36     17.56     16.93     25.42     20.31     42.16     20.00
  14     42.45     32.21     41.66     33.99     17.94      0.00     42.81     35.57     64.64     24.91     17.07     22.28     23.84     34.08     24.12     34.81     28.84
  16     46.45     15.95     12.38     34.82     40.16     42.81      0.00     32.25     23.60     19.70     35.29     28.79     28.44     41.08     35.97     50.43     40.68
  17     47.22     19.16     27.26     38.84     39.46     35.57     32.25      0.00     46.12     29.01     28.26     29.90     29.81     42.26     28.99     52.46     38.99
  18     66.01     34.82     29.32     56.02     62.46     64.64     23.60     46.12      0.00     41.59     57.01     51.26     50.85     61.76     57.96     67.95     62.30
  22     39.72     14.26     21.11     27.07     23.74     24.91     19.70     29.01     41.59      0.00     20.37     15.51     15.00     32.03     23.55     40.85     29.46
(4, 19)     32.20     24.79     30.44     22.31     14.36     17.07     35.29     28.26     57.01     20.37      0.00     13.01     12.95     24.29     12.20     43.08     18.87
(11, 20)     29.33     20.73     24.51     19.22     17.56     22.28     28.79     29.90     51.26     15.51     13.01      0.00      9.07     23.63     11.01     38.28     18.37
(7, 15)     30.85     20.92     24.75     19.12     16.93     23.84     28.44     29.81     50.85     15.00     12.95      9.07      0.00     20.95     14.16     41.21     17.73
(3, 5)     18.05     36.19     34.01     14.66     25.42     34.08     41.08     42.26     61.76     32.03     24.29     23.63     20.95      0.00     20.27     47.10     15.95
(10, 12)     24.85     26.11     29.90     16.51     20.31     24.12     35.97     28.99     57.96     23.55     12.20     11.01     14.16     20.27      0.00     42.05     12.98
(8, 23)     49.38     43.21     50.11     47.05     42.16     34.81     50.43     52.46     67.95     40.85     43.08     38.28     41.21     47.10     42.05      0.00     43.35
(21, 24)     22.03     33.78     33.53     12.67     20.00     28.84     40.68     38.99     62.30     29.46     18.87     18.37     17.73     15.95     12.98     43.35      0.00

Se unieron: (11, 20) y (7, 15) (distancia: 9.07)

Nivel 8:
             1         2         6         9        13        14        16        17        18        22   (4, 19)    (3, 5)  (10, 12)   (8, 23)  (21, 24)((11, 20), (7, 15))
   1      0.00     41.62     38.05     14.56     32.69     42.45     46.45     47.22     66.01     39.72     32.20     18.05     24.85     49.38     22.03     30.85
   2     41.62      0.00     14.33     31.02     33.54     32.21     15.95     19.16     34.82     14.26     24.79     36.19     26.11     43.21     33.78     20.92
   6     38.05     14.33      0.00     28.06     37.26     41.66     12.38     27.26     29.32     21.11     30.44     34.01     29.90     50.11     33.53     24.75
   9     14.56     31.02     28.06      0.00     22.84     33.99     34.82     38.84     56.02     27.07     22.31     14.66     16.51     47.05     12.67     19.22
  13     32.69     33.54     37.26     22.84      0.00     17.94     40.16     39.46     62.46     23.74     14.36     25.42     20.31     42.16     20.00     17.56
  14     42.45     32.21     41.66     33.99     17.94      0.00     42.81     35.57     64.64     24.91     17.07     34.08     24.12     34.81     28.84     23.84
  16     46.45     15.95     12.38     34.82     40.16     42.81      0.00     32.25     23.60     19.70     35.29     41.08     35.97     50.43     40.68     28.79
  17     47.22     19.16     27.26     38.84     39.46     35.57     32.25      0.00     46.12     29.01     28.26     42.26     28.99     52.46     38.99     29.90
  18     66.01     34.82     29.32     56.02     62.46     64.64     23.60     46.12      0.00     41.59     57.01     61.76     57.96     67.95     62.30     51.26
  22     39.72     14.26     21.11     27.07     23.74     24.91     19.70     29.01     41.59      0.00     20.37     32.03     23.55     40.85     29.46     15.51
(4, 19)     32.20     24.79     30.44     22.31     14.36     17.07     35.29     28.26     57.01     20.37      0.00     24.29     12.20     43.08     18.87     13.01
(3, 5)     18.05     36.19     34.01     14.66     25.42     34.08     41.08     42.26     61.76     32.03     24.29      0.00     20.27     47.10     15.95     23.63
(10, 12)     24.85     26.11     29.90     16.51     20.31     24.12     35.97     28.99     57.96     23.55     12.20     20.27      0.00     42.05     12.98     14.16
(8, 23)     49.38     43.21     50.11     47.05     42.16     34.81     50.43     52.46     67.95     40.85     43.08     47.10     42.05      0.00     43.35     41.21
(21, 24)     22.03     33.78     33.53     12.67     20.00     28.84     40.68     38.99     62.30     29.46     18.87     15.95     12.98     43.35      0.00     18.37
((11, 20), (7, 15))     30.85     20.92     24.75     19.22     17.56     23.84     28.79     29.90     51.26     15.51     13.01     23.63     14.16     41.21     18.37      0.00

Se unieron: (4, 19) y (10, 12) (distancia: 12.20)

Nivel 9:
             1         2         6         9        13        14        16        17        18        22    (3, 5)   (8, 23)  (21, 24)((11, 20), (7, 15))((4, 19), (10, 12))
   1      0.00     41.62     38.05     14.56     32.69     42.45     46.45     47.22     66.01     39.72     18.05     49.38     22.03     30.85     32.20
   2     41.62      0.00     14.33     31.02     33.54     32.21     15.95     19.16     34.82     14.26     36.19     43.21     33.78     20.92     26.11
   6     38.05     14.33      0.00     28.06     37.26     41.66     12.38     27.26     29.32     21.11     34.01     50.11     33.53     24.75     30.44
   9     14.56     31.02     28.06      0.00     22.84     33.99     34.82     38.84     56.02     27.07     14.66     47.05     12.67     19.22     22.31
  13     32.69     33.54     37.26     22.84      0.00     17.94     40.16     39.46     62.46     23.74     25.42     42.16     20.00     17.56     20.31
  14     42.45     32.21     41.66     33.99     17.94      0.00     42.81     35.57     64.64     24.91     34.08     34.81     28.84     23.84     24.12
  16     46.45     15.95     12.38     34.82     40.16     42.81      0.00     32.25     23.60     19.70     41.08     50.43     40.68     28.79     35.97
  17     47.22     19.16     27.26     38.84     39.46     35.57     32.25      0.00     46.12     29.01     42.26     52.46     38.99     29.90     28.99
  18     66.01     34.82     29.32     56.02     62.46     64.64     23.60     46.12      0.00     41.59     61.76     67.95     62.30     51.26     57.96
  22     39.72     14.26     21.11     27.07     23.74     24.91     19.70     29.01     41.59      0.00     32.03     40.85     29.46     15.51     23.55
(3, 5)     18.05     36.19     34.01     14.66     25.42     34.08     41.08     42.26     61.76     32.03      0.00     47.10     15.95     23.63     24.29
(8, 23)     49.38     43.21     50.11     47.05     42.16     34.81     50.43     52.46     67.95     40.85     47.10      0.00     43.35     41.21     43.08
(21, 24)     22.03     33.78     33.53     12.67     20.00     28.84     40.68     38.99     62.30     29.46     15.95     43.35      0.00     18.37     18.87
((11, 20), (7, 15))     30.85     20.92     24.75     19.22     17.56     23.84     28.79     29.90     51.26     15.51     23.63     41.21     18.37      0.00     14.16
((4, 19), (10, 12))     32.20     26.11     30.44     22.31     20.31     24.12     35.97     28.99     57.96     23.55     24.29     43.08     18.87     14.16      0.00

Se unieron: 6 y 16 (distancia: 12.38)

Nivel 10:
             1         2         9        13        14        17        18        22    (3, 5)   (8, 23)  (21, 24)((11, 20), (7, 15))((4, 19), (10, 12))   (6, 16)
   1      0.00     41.62     14.56     32.69     42.45     47.22     66.01     39.72     18.05     49.38     22.03     30.85     32.20     46.45
   2     41.62      0.00     31.02     33.54     32.21     19.16     34.82     14.26     36.19     43.21     33.78     20.92     26.11     15.95
   9     14.56     31.02      0.00     22.84     33.99     38.84     56.02     27.07     14.66     47.05     12.67     19.22     22.31     34.82
  13     32.69     33.54     22.84      0.00     17.94     39.46     62.46     23.74     25.42     42.16     20.00     17.56     20.31     40.16
  14     42.45     32.21     33.99     17.94      0.00     35.57     64.64     24.91     34.08     34.81     28.84     23.84     24.12     42.81
  17     47.22     19.16     38.84     39.46     35.57      0.00     46.12     29.01     42.26     52.46     38.99     29.90     28.99     32.25
  18     66.01     34.82     56.02     62.46     64.64     46.12      0.00     41.59     61.76     67.95     62.30     51.26     57.96     29.32
  22     39.72     14.26     27.07     23.74     24.91     29.01     41.59      0.00     32.03     40.85     29.46     15.51     23.55     21.11
(3, 5)     18.05     36.19     14.66     25.42     34.08     42.26     61.76     32.03      0.00     47.10     15.95     23.63     24.29     41.08
(8, 23)     49.38     43.21     47.05     42.16     34.81     52.46     67.95     40.85     47.10      0.00     43.35     41.21     43.08     50.43
(21, 24)     22.03     33.78     12.67     20.00     28.84     38.99     62.30     29.46     15.95     43.35      0.00     18.37     18.87     40.68
((11, 20), (7, 15))     30.85     20.92     19.22     17.56     23.84     29.90     51.26     15.51     23.63     41.21     18.37      0.00     14.16     28.79
((4, 19), (10, 12))     32.20     26.11     22.31     20.31     24.12     28.99     57.96     23.55     24.29     43.08     18.87     14.16      0.00     35.97
(6, 16)     46.45     15.95     34.82     40.16     42.81     32.25     29.32     21.11     41.08     50.43     40.68     28.79     35.97      0.00

Se unieron: 9 y (21, 24) (distancia: 12.67)

Nivel 11:
             1         2        13        14        17        18        22    (3, 5)   (8, 23)((11, 20), (7, 15))((4, 19), (10, 12))   (6, 16)(9, (21, 24))
   1      0.00     41.62     32.69     42.45     47.22     66.01     39.72     18.05     49.38     30.85     32.20     46.45     22.03
   2     41.62      0.00     33.54     32.21     19.16     34.82     14.26     36.19     43.21     20.92     26.11     15.95     33.78
  13     32.69     33.54      0.00     17.94     39.46     62.46     23.74     25.42     42.16     17.56     20.31     40.16     22.84
  14     42.45     32.21     17.94      0.00     35.57     64.64     24.91     34.08     34.81     23.84     24.12     42.81     33.99
  17     47.22     19.16     39.46     35.57      0.00     46.12     29.01     42.26     52.46     29.90     28.99     32.25     38.99
  18     66.01     34.82     62.46     64.64     46.12      0.00     41.59     61.76     67.95     51.26     57.96     29.32     62.30
  22     39.72     14.26     23.74     24.91     29.01     41.59      0.00     32.03     40.85     15.51     23.55     21.11     29.46
(3, 5)     18.05     36.19     25.42     34.08     42.26     61.76     32.03      0.00     47.10     23.63     24.29     41.08     15.95
(8, 23)     49.38     43.21     42.16     34.81     52.46     67.95     40.85     47.10      0.00     41.21     43.08     50.43     47.05
((11, 20), (7, 15))     30.85     20.92     17.56     23.84     29.90     51.26     15.51     23.63     41.21      0.00     14.16     28.79     19.22
((4, 19), (10, 12))     32.20     26.11     20.31     24.12     28.99     57.96     23.55     24.29     43.08     14.16      0.00     35.97     22.31
(6, 16)     46.45     15.95     40.16     42.81     32.25     29.32     21.11     41.08     50.43     28.79     35.97      0.00     40.68
(9, (21, 24))     22.03     33.78     22.84     33.99     38.99     62.30     29.46     15.95     47.05     19.22     22.31     40.68      0.00

Se unieron: ((11, 20), (7, 15)) y ((4, 19), (10, 12)) (distancia: 14.16)

Nivel 12:
             1         2        13        14        17        18        22    (3, 5)   (8, 23)   (6, 16)(9, (21, 24))(((11, 20), (7, 15)), ((4, 19), (10, 12)))
   1      0.00     41.62     32.69     42.45     47.22     66.01     39.72     18.05     49.38     46.45     22.03     32.20
   2     41.62      0.00     33.54     32.21     19.16     34.82     14.26     36.19     43.21     15.95     33.78     26.11
  13     32.69     33.54      0.00     17.94     39.46     62.46     23.74     25.42     42.16     40.16     22.84     20.31
  14     42.45     32.21     17.94      0.00     35.57     64.64     24.91     34.08     34.81     42.81     33.99     24.12
  17     47.22     19.16     39.46     35.57      0.00     46.12     29.01     42.26     52.46     32.25     38.99     29.90
  18     66.01     34.82     62.46     64.64     46.12      0.00     41.59     61.76     67.95     29.32     62.30     57.96
  22     39.72     14.26     23.74     24.91     29.01     41.59      0.00     32.03     40.85     21.11     29.46     23.55
(3, 5)     18.05     36.19     25.42     34.08     42.26     61.76     32.03      0.00     47.10     41.08     15.95     24.29
(8, 23)     49.38     43.21     42.16     34.81     52.46     67.95     40.85     47.10      0.00     50.43     47.05     43.08
(6, 16)     46.45     15.95     40.16     42.81     32.25     29.32     21.11     41.08     50.43      0.00     40.68     35.97
(9, (21, 24))     22.03     33.78     22.84     33.99     38.99     62.30     29.46     15.95     47.05     40.68      0.00     22.31
(((11, 20), (7, 15)), ((4, 19), (10, 12)))     32.20     26.11     20.31     24.12     29.90     57.96     23.55     24.29     43.08     35.97     22.31      0.00

Se unieron: 2 y 22 (distancia: 14.26)

Nivel 13:
             1        13        14        17        18    (3, 5)   (8, 23)   (6, 16)(9, (21, 24))(((11, 20), (7, 15)), ((4, 19), (10, 12)))   (2, 22)
   1      0.00     32.69     42.45     47.22     66.01     18.05     49.38     46.45     22.03     32.20     41.62
  13     32.69      0.00     17.94     39.46     62.46     25.42     42.16     40.16     22.84     20.31     33.54
  14     42.45     17.94      0.00     35.57     64.64     34.08     34.81     42.81     33.99     24.12     32.21
  17     47.22     39.46     35.57      0.00     46.12     42.26     52.46     32.25     38.99     29.90     29.01
  18     66.01     62.46     64.64     46.12      0.00     61.76     67.95     29.32     62.30     57.96     41.59
(3, 5)     18.05     25.42     34.08     42.26     61.76      0.00     47.10     41.08     15.95     24.29     36.19
(8, 23)     49.38     42.16     34.81     52.46     67.95     47.10      0.00     50.43     47.05     43.08     43.21
(6, 16)     46.45     40.16     42.81     32.25     29.32     41.08     50.43      0.00     40.68     35.97     21.11
(9, (21, 24))     22.03     22.84     33.99     38.99     62.30     15.95     47.05     40.68      0.00     22.31     33.78
(((11, 20), (7, 15)), ((4, 19), (10, 12)))     32.20     20.31     24.12     29.90     57.96     24.29     43.08     35.97     22.31      0.00     26.11
(2, 22)     41.62     33.54     32.21     29.01     41.59     36.19     43.21     21.11     33.78     26.11      0.00

Se unieron: (3, 5) y (9, (21, 24)) (distancia: 15.95)

Nivel 14:
             1        13        14        17        18   (8, 23)   (6, 16)(((11, 20), (7, 15)), ((4, 19), (10, 12)))   (2, 22)((3, 5), (9, (21, 24)))
   1      0.00     32.69     42.45     47.22     66.01     49.38     46.45     32.20     41.62     22.03
  13     32.69      0.00     17.94     39.46     62.46     42.16     40.16     20.31     33.54     25.42
  14     42.45     17.94      0.00     35.57     64.64     34.81     42.81     24.12     32.21     34.08
  17     47.22     39.46     35.57      0.00     46.12     52.46     32.25     29.90     29.01     42.26
  18     66.01     62.46     64.64     46.12      0.00     67.95     29.32     57.96     41.59     62.30
(8, 23)     49.38     42.16     34.81     52.46     67.95      0.00     50.43     43.08     43.21     47.10
(6, 16)     46.45     40.16     42.81     32.25     29.32     50.43      0.00     35.97     21.11     41.08
(((11, 20), (7, 15)), ((4, 19), (10, 12)))     32.20     20.31     24.12     29.90     57.96     43.08     35.97      0.00     26.11     24.29
(2, 22)     41.62     33.54     32.21     29.01     41.59     43.21     21.11     26.11      0.00     36.19
((3, 5), (9, (21, 24)))     22.03     25.42     34.08     42.26     62.30     47.10     41.08     24.29     36.19      0.00

Se unieron: 13 y 14 (distancia: 17.94)

Nivel 15:
             1        17        18   (8, 23)   (6, 16)(((11, 20), (7, 15)), ((4, 19), (10, 12)))   (2, 22)((3, 5), (9, (21, 24)))  (13, 14)
   1      0.00     47.22     66.01     49.38     46.45     32.20     41.62     22.03     42.45
  17     47.22      0.00     46.12     52.46     32.25     29.90     29.01     42.26     39.46
  18     66.01     46.12      0.00     67.95     29.32     57.96     41.59     62.30     64.64
(8, 23)     49.38     52.46     67.95      0.00     50.43     43.08     43.21     47.10     42.16
(6, 16)     46.45     32.25     29.32     50.43      0.00     35.97     21.11     41.08     42.81
(((11, 20), (7, 15)), ((4, 19), (10, 12)))     32.20     29.90     57.96     43.08     35.97      0.00     26.11     24.29     24.12
(2, 22)     41.62     29.01     41.59     43.21     21.11     26.11      0.00     36.19     33.54
((3, 5), (9, (21, 24)))     22.03     42.26     62.30     47.10     41.08     24.29     36.19      0.00     34.08
(13, 14)     42.45     39.46     64.64     42.16     42.81     24.12     33.54     34.08      0.00

Se unieron: (6, 16) y (2, 22) (distancia: 21.11)

Nivel 16:
             1        17        18   (8, 23)(((11, 20), (7, 15)), ((4, 19), (10, 12)))((3, 5), (9, (21, 24)))  (13, 14)((6, 16), (2, 22))
   1      0.00     47.22     66.01     49.38     32.20     22.03     42.45     46.45
  17     47.22      0.00     46.12     52.46     29.90     42.26     39.46     32.25
  18     66.01     46.12      0.00     67.95     57.96     62.30     64.64     41.59
(8, 23)     49.38     52.46     67.95      0.00     43.08     47.10     42.16     50.43
(((11, 20), (7, 15)), ((4, 19), (10, 12)))     32.20     29.90     57.96     43.08      0.00     24.29     24.12     35.97
((3, 5), (9, (21, 24)))     22.03     42.26     62.30     47.10     24.29      0.00     34.08     41.08
(13, 14)     42.45     39.46     64.64     42.16     24.12     34.08      0.00     42.81
((6, 16), (2, 22))     46.45     32.25     41.59     50.43     35.97     41.08     42.81      0.00

Se unieron: 1 y ((3, 5), (9, (21, 24))) (distancia: 22.03)

Nivel 17:
            17        18   (8, 23)(((11, 20), (7, 15)), ((4, 19), (10, 12)))  (13, 14)((6, 16), (2, 22))(1, ((3, 5), (9, (21, 24))))
  17      0.00     46.12     52.46     29.90     39.46     32.25     47.22
  18     46.12      0.00     67.95     57.96     64.64     41.59     66.01
(8, 23)     52.46     67.95      0.00     43.08     42.16     50.43     49.38
(((11, 20), (7, 15)), ((4, 19), (10, 12)))     29.90     57.96     43.08      0.00     24.12     35.97     32.20
(13, 14)     39.46     64.64     42.16     24.12      0.00     42.81     42.45
((6, 16), (2, 22))     32.25     41.59     50.43     35.97     42.81      0.00     46.45
(1, ((3, 5), (9, (21, 24))))     47.22     66.01     49.38     32.20     42.45     46.45      0.00

Se unieron: (((11, 20), (7, 15)), ((4, 19), (10, 12))) y (13, 14) (distancia: 24.12)

Nivel 18:
            17        18   (8, 23)((6, 16), (2, 22))(1, ((3, 5), (9, (21, 24))))((((11, 20), (7, 15)), ((4, 19), (10, 12))), (13, 14))
  17      0.00     46.12     52.46     32.25     47.22     39.46
  18     46.12      0.00     67.95     41.59     66.01     64.64
(8, 23)     52.46     67.95      0.00     50.43     49.38     43.08
((6, 16), (2, 22))     32.25     41.59     50.43      0.00     46.45     42.81
(1, ((3, 5), (9, (21, 24))))     47.22     66.01     49.38     46.45      0.00     42.45
((((11, 20), (7, 15)), ((4, 19), (10, 12))), (13, 14))     39.46     64.64     43.08     42.81     42.45      0.00

Se unieron: 17 y ((6, 16), (2, 22)) (distancia: 32.25)

Nivel 19:
            18   (8, 23)(1, ((3, 5), (9, (21, 24))))((((11, 20), (7, 15)), ((4, 19), (10, 12))), (13, 14))(17, ((6, 16), (2, 22)))
  18      0.00     67.95     66.01     64.64     46.12
(8, 23)     67.95      0.00     49.38     43.08     52.46
(1, ((3, 5), (9, (21, 24))))     66.01     49.38      0.00     42.45     47.22
((((11, 20), (7, 15)), ((4, 19), (10, 12))), (13, 14))     64.64     43.08     42.45      0.00     42.81
(17, ((6, 16), (2, 22)))     46.12     52.46     47.22     42.81      0.00

Se unieron: (1, ((3, 5), (9, (21, 24)))) y ((((11, 20), (7, 15)), ((4, 19), (10, 12))), (13, 14)) (distancia: 42.45)

Nivel 20:
            18   (8, 23)(17, ((6, 16), (2, 22)))((1, ((3, 5), (9, (21, 24)))), ((((11, 20), (7, 15)), ((4, 19), (10, 12))), (13, 14)))
  18      0.00     67.95     46.12     66.01
(8, 23)     67.95      0.00     52.46     49.38
(17, ((6, 16), (2, 22)))     46.12     52.46      0.00     47.22
((1, ((3, 5), (9, (21, 24)))), ((((11, 20), (7, 15)), ((4, 19), (10, 12))), (13, 14)))     66.01     49.38     47.22      0.00

Se unieron: 18 y (17, ((6, 16), (2, 22))) (distancia: 46.12)

Nivel 21:
       (8, 23)((1, ((3, 5), (9, (21, 24)))), ((((11, 20), (7, 15)), ((4, 19), (10, 12))), (13, 14)))(18, (17, ((6, 16), (2, 22))))
(8, 23)      0.00     49.38     67.95
((1, ((3, 5), (9, (21, 24)))), ((((11, 20), (7, 15)), ((4, 19), (10, 12))), (13, 14)))     49.38      0.00     66.01
(18, (17, ((6, 16), (2, 22))))     67.95     66.01      0.00

Se unieron: (8, 23) y ((1, ((3, 5), (9, (21, 24)))), ((((11, 20), (7, 15)), ((4, 19), (10, 12))), (13, 14))) (distancia: 49.38)

Nivel 22:
    (18, (17, ((6, 16), (2, 22))))((8, 23), ((1, ((3, 5), (9, (21, 24)))), ((((11, 20), (7, 15)), ((4, 19), (10, 12))), (13, 14))))
(18, (17, ((6, 16), (2, 22))))      0.00     67.95
((8, 23), ((1, ((3, 5), (9, (21, 24)))), ((((11, 20), (7, 15)), ((4, 19), (10, 12))), (13, 14))))     67.95      0.00

Se unieron: (18, (17, ((6, 16), (2, 22)))) y ((8, 23), ((1, ((3, 5), (9, (21, 24)))), ((((11, 20), (7, 15)), ((4, 19), (10, 12))), (13, 14)))) (distancia: 67.95)


Resumen de niveles de agrupamiento:
Nivel 0: (4, 19)  distancia: 5.051201
Nivel 1: (11, 20)  distancia: 5.896250
Nivel 2: (7, 15)  distancia: 6.107261
Nivel 3: (3, 5)  distancia: 6.208849
Nivel 4: (10, 12)  distancia: 6.449034
Nivel 5: (8, 23)  distancia: 8.018821
Nivel 6: (21, 24)  distancia: 9.025217
Nivel 7: ((11, 20), (7, 15))  distancia: 9.068033
Nivel 8: ((4, 19), (10, 12))  distancia: 12.203479
Nivel 9: (6, 16)  distancia: 12.379022
Nivel 10: (9, (21, 24))  distancia: 12.674225
Nivel 11: (((11, 20), (7, 15)), ((4, 19), (10, 12)))  distancia: 14.159531
Nivel 12: (2, 22)  distancia: 14.264120
Nivel 13: ((3, 5), (9, (21, 24)))  distancia: 15.950262
Nivel 14: (13, 14)  distancia: 17.941590
Nivel 15: ((6, 16), (2, 22))  distancia: 21.113580
Nivel 16: (1, ((3, 5), (9, (21, 24))))  distancia: 22.030579
Nivel 17: ((((11, 20), (7, 15)), ((4, 19), (10, 12))), (13, 14))  distancia: 24.120915
Nivel 18: (17, ((6, 16), (2, 22)))  distancia: 32.249749
Nivel 19: ((1, ((3, 5), (9, (21, 24)))), ((((11, 20), (7, 15)), ((4, 19), (10, 12))), (13, 14)))  distancia: 42.448918
Nivel 20: (18, (17, ((6, 16), (2, 22))))  distancia: 46.123421
Nivel 21: ((8, 23), ((1, ((3, 5), (9, (21, 24)))), ((((11, 20), (7, 15)), ((4, 19), (10, 12))), (13, 14))))  distancia: 49.379983
Nivel 22: ((18, (17, ((6, 16), (2, 22)))), ((8, 23), ((1, ((3, 5), (9, (21, 24)))), ((((11, 20), (7, 15)), ((4, 19), (10, 12))), (13, 14)))))  distancia: 67.954982

Dendograma: ((18, (17, ((6, 16), (2, 22)))), ((8, 23), ((1, ((3, 5), (9, (21, 24)))), ((((11, 20), (7, 15)), ((4, 19), (10, 12))), (13, 14)))))
