Clustering jerárquico aglomerativo - min linkage

Nivel 0:
             1         2         3         4         5         6         7         8         9        10        11        12        13        14        15        16        17        18        19        20        21        22        23        24
   1      0.00     41.62     18.05     30.02     16.55     38.05     30.85     49.38     14.56     24.85     29.33     22.89     32.69     42.45     27.19     46.45     47.22     66.01     32.20     25.68     15.44     39.72     28.74     22.03
   2     41.62      0.00     36.19     24.69     34.02     14.33     20.92     43.21     31.02     26.11     18.47     24.70     33.54     32.21     20.49     15.95     19.16     34.82     24.79     20.73     33.78     14.26     33.25     30.35
   3     18.05     36.19      0.00     23.84      6.21     34.01     20.95     47.10     14.66     20.27     23.63     20.19     25.42     34.08     19.21     41.08     42.26     61.76     24.29     18.86      9.92     32.03     21.19     15.95
   4     30.02     24.69     23.84      0.00     20.64     30.29     10.47     39.62     20.69      6.55      8.50      9.91     12.76     16.37     12.01     35.15     28.26     57.01      5.05     11.01     17.19     19.59     17.40     11.09
   5     16.55     34.02      6.21     20.64      0.00     32.09     19.18     45.99     10.94     16.73     20.83     17.28     22.22     32.11     16.36     39.21     39.70     60.33     21.27     16.06      8.04     30.04     19.88     12.14
   6     38.05     14.33     34.01     30.29     32.09      0.00     24.75     50.11     28.06     29.90     24.51     27.95     37.26     41.66     21.85     12.38     27.26     29.32     30.44     24.05     33.53     21.11     37.07     31.57
   7     30.85     20.92     20.95     10.47     19.18     24.75      0.00     41.21     19.12     11.92      9.07     14.16     16.01     20.26      6.11     28.44     28.96     50.85     10.39      8.34     17.73     13.97     16.72     12.73
   8     49.38     43.21     47.10     39.62     45.99     50.11     41.21      0.00     47.05     42.05     36.10     40.16     42.16     34.81     40.62     50.43     52.46     67.95     43.08     38.28     43.22     40.85      8.02     43.35
   9     14.56     31.02     14.66     20.69     10.94     28.06     19.12     47.05      0.00     16.14     19.22     16.51     22.84     33.99     14.99     34.82     38.84     56.02     22.31     14.58     11.50     27.07     20.10     12.67
  10     24.85     26.11     20.27      6.55     16.73     29.90     11.92     42.05     16.14      0.00     10.34      6.45     15.63     21.01     11.83     35.97     28.99     57.96      8.03     10.30     12.98     22.53     17.83      7.83
  11     29.33     18.47     23.63      8.50     20.83     24.51      9.07     36.10     19.22     10.34      0.00     10.39     17.56     19.33      8.96     28.79     26.87     50.90     11.31      5.90     18.37     14.08     17.01     14.37
  12     22.89     24.70     20.19      9.91     17.28     27.95     14.16     40.16     16.51      6.45     10.39      0.00     20.31     24.12     13.18     35.35     27.86     56.44     12.20     11.01     12.90     23.55     20.70     11.66
  13     32.69     33.54     25.42     12.76     22.22     37.26     16.01     42.16     22.84     15.63     17.56     20.31      0.00     17.94     16.93     40.16     39.46     62.46     14.36     17.35     20.00     23.74     13.99     12.99
  14     42.45     32.21     34.08     16.37     32.11     41.66     20.26     34.81     33.99     21.01     19.33     24.12     17.94      0.00     23.84     42.81     35.57     64.64     17.07     22.28     28.84     24.91     20.51     23.63
  15     27.19     20.49     19.21     12.01     16.36     21.85      6.11     40.62     14.99     11.83      8.96     13.18     16.93     23.84      0.00     26.50     29.81     49.04     12.95      6.36     15.93     15.00     17.48     11.33
  16     46.45     15.95     41.08     35.15     39.21     12.38     28.44     50.43     34.82     35.97     28.79     35.35     40.16     42.81     26.50      0.00     32.25     23.60     35.29     28.74     40.68     19.70     39.39     37.33
  17     47.22     19.16     42.26     28.26     39.70     27.26     28.96     52.46     38.84     28.99     26.87     27.86     39.46     35.57     29.81     32.25      0.00     46.12     26.24     29.90     38.99     29.01     42.54     35.25
  18     66.01     34.82     61.76     57.01     60.33     29.32     50.85     67.95     56.02     57.96     50.90     56.44     62.46     64.64     49.04     23.60     46.12      0.00     56.89     51.26     62.30     41.59     62.28     59.67
  19     32.20     24.79     24.29      5.05     21.27     30.44     10.39     43.08     22.31      8.03     11.31     12.20     14.36     17.07     12.95     35.29     26.24     56.89      0.00     13.01     18.87     20.37     19.88     12.36
  20     25.68     20.73     18.86     11.01     16.06     24.05      8.34     38.28     14.58     10.30      5.90     11.01     17.35     22.28      6.36     28.74     29.90     51.26     13.01      0.00     14.90     15.51     14.58     11.84
  21     15.44     33.78      9.92     17.19      8.04     33.53     17.73     43.22     11.50     12.98     18.37     12.90     20.00     28.84     15.93     40.68     38.99     62.30     18.87     14.90      0.00     29.46     17.61      9.03
  22     39.72     14.26     32.03     19.59     30.04     21.11     13.97     40.85     27.07     22.53     14.08     23.55     23.74     24.91     15.00     19.70     29.01     41.59     20.37     15.51     29.46      0.00     23.10     24.61
  23     28.74     33.25     21.19     17.40     19.88     37.07     16.72      8.02     20.10     17.83     17.01     20.70     13.99     20.51     17.48     39.39     42.54     62.28     19.88     14.58     17.61     23.10      0.00     15.53
  24     22.03     30.35     15.95     11.09     12.14     31.57     12.73     43.35     12.67      7.83     14.37     11.66     12.99     23.63     11.33     37.33     35.25     59.67     12.36     11.84      9.03     24.61     15.53      0.00

Se unieron: 4 y 19 (distancia: 5.05)

Nivel 1:
             1         2         3         5         6         7         8         9        10        11        12        13        14        15        16        17        18        20        21        22        23        24   (4, 19)
   1      0.00     41.62     18.05     16.55     38.05     30.85     49.38     14.56     24.85     29.33     22.89     32.69     42.45     27.19     46.45     47.22     66.01     25.68     15.44     39.72     28.74     22.03     30.02
   2     41.62      0.00     36.19     34.02     14.33     20.92     43.21     31.02     26.11     18.47     24.70     33.54     32.21     20.49     15.95     19.16     34.82     20.73     33.78     14.26     33.25     30.35     24.69
   3     18.05     36.19      0.00      6.21     34.01     20.95     47.10     14.66     20.27     23.63     20.19     25.42     34.08     19.21     41.08     42.26     61.76     18.86      9.92     32.03     21.19     15.95     23.84
   5     16.55     34.02      6.21      0.00     32.09     19.18     45.99     10.94     16.73     20.83     17.28     22.22     32.11     16.36     39.21     39.70     60.33     16.06      8.04     30.04     19.88     12.14     20.64
   6     38.05     14.33     34.01     32.09      0.00     24.75     50.11     28.06     29.90     24.51     27.95     37.26     41.66     21.85     12.38     27.26     29.32     24.05     33.53     21.11     37.07     31.57     30.29
   7     30.85     20.92     20.95     19.18     24.75      0.00     41.21     19.12     11.92      9.07     14.16     16.01     20.26      6.11     28.44     28.96     50.85      8.34     17.73     13.97     16.72     12.73     10.39
   8     49.38     43.21     47.10     45.99     50.11     41.21      0.00     47.05     42.05     36.10     40.16     42.16     34.81     40.62     50.43     52.46     67.95     38.28     43.22     40.85      8.02     43.35     39.62
   9     14.56     31.02     14.66     10.94     28.06     19.12     47.05      0.00     16.14     19.22     16.51     22.84     33.99     14.99     34.82     38.84     56.02     14.58     11.50     27.07     20.10     12.67     20.69
  10     24.85     26.11     20.27     16.73     29.90     11.92     42.05     16.14      0.00     10.34      6.45     15.63     21.01     11.83     35.97     28.99     57.96     10.30     12.98     22.53     17.83      7.83      6.55
  11     29.33     18.47     23.63     20.83     24.51      9.07     36.10     19.22     10.34      0.00     10.39     17.56     19.33      8.96     28.79     26.87     50.90      5.90     18.37     14.08     17.01     14.37      8.50
  12     22.89     24.70     20.19     17.28     27.95     14.16     40.16     16.51      6.45     10.39      0.00     20.31     24.12     13.18     35.35     27.86     56.44     11.01     12.90     23.55     20.70     11.66      9.91
  13     32.69     33.54     25.42     22.22     37.26     16.01     42.16     22.84     15.63     17.56     20.31      0.00     17.94     16.93     40.16     39.46     62.46     17.35     20.00     23.74     13.99     12.99     12.76
  14     42.45     32.21     34.08     32.11     41.66     20.26     34.81     33.99     21.01     19.33     24.12     17.94      0.00     23.84     42.81     35.57     64.64     22.28     28.84     24.91     20.51     23.63     16.37
  15     27.19     20.49     19.21     16.36     21.85      6.11     40.62     14.99     11.83      8.96     13.18     16.93     23.84      0.00     26.50     29.81     49.04      6.36     15.93     15.00     17.48     11.33     12.01
  16     46.45     15.95     41.08     39.21     12.38     28.44     50.43     34.82     35.97     28.79     35.35     40.16     42.81     26.50      0.00     32.25     23.60     28.74     40.68     19.70     39.39     37.33     35.15
  17     47.22     19.16     42.26     39.70     27.26     28.96     52.46     38.84     28.99     26.87     27.86     39.46     35.57     29.81     32.25      0.00     46.12     29.90     38.99     29.01     42.54     35.25     26.24
  18     66.01     34.82     61.76     60.33     29.32     50.85     67.95     56.02     57.96     50.90     56.44     62.46     64.64     49.04     23.60     46.12      0.00     51.26     62.30     41.59     62.28     59.67     56.89
  20     25.68     20.73     18.86     16.06     24.05      8.34     38.28     14.58     10.30      5.90     11.01     17.35     22.28      6.36     28.74     29.90     51.26      0.00     14.90     15.51     14.58     11.84     11.01
  21     15.44     33.78      9.92      8.04     33.53     17.73     43.22     11.50     12.98     18.37     12.90     20.00     28.84     15.93     40.68     38.99     62.30     14.90      0.00     29.46     17.61      9.03     17.19
  22     39.72     14.26     32.03     30.04     21.11     13.97     40.85     27.07     22.53     14.08     23.55     23.74     24.91     15.00     19.70     29.01     41.59     15.51     29.46      0.00     23.10     24.61     19.59
  23     28.74     33.25     21.19     19.88     37.07     16.72      8.02     20.10     17.83     17.01     20.70     13.99     20.51     17.48     39.39     42.54     62.28     14.58     17.61     23.10      0.00     15.53     17.40
  24     22.03     30.35     15.95     12.14     31.57     12.73     43.35     12.67      7.83     14.37     11.66     12.99     23.63     11.33     37.33     35.25     59.67     11.84      9.03     24.61     15.53      0.00     11.09
(4, 19)     30.02     24.69     23.84     20.64     30.29     10.39     39.62     20.69      6.55      8.50      9.91     12.76     16.37     12.01     35.15     26.24     56.89     11.01     17.19     19.59     17.40     11.09      0.00

Se unieron: 11 y 20 (distancia: 5.90)

Nivel 2:
             1         2         3         5         6         7         8         9        10        12        13        14        15        16        17        18        21        22        23        24   (4, 19)  (11, 20)
   1      0.00     41.62     18.05     16.55     38.05     30.85     49.38     14.56     24.85     22.89     32.69     42.45     27.19     46.45     47.22     66.01     15.44     39.72     28.74     22.03     30.02     25.68
   2     41.62      0.00     36.19     34.02     14.33     20.92     43.21     31.02     26.11     24.70     33.54     32.21     20.49     15.95     19.16     34.82     33.78     14.26     33.25     30.35     24.69     18.47
   3     18.05     36.19      0.00      6.21     34.01     20.95     47.10     14.66     20.27     20.19     25.42     34.08     19.21     41.08     42.26     61.76      9.92     32.03     21.19     15.95     23.84     18.86
   5     16.55     34.02      6.21      0.00     32.09     19.18     45.99     10.94     16.73     17.28     22.22     32.11     16.36     39.21     39.70     60.33      8.04     30.04     19.88     12.14     20.64     16.06
   6     38.05     14.33     34.01     32.09      0.00     24.75     50.11     28.06     29.90     27.95     37.26     41.66     21.85     12.38     27.26     29.32     33.53     21.11     37.07     31.57     30.29     24.05
   7     30.85     20.92     20.95     19.18     24.75      0.00     41.21     19.12     11.92     14.16     16.01     20.26      6.11     28.44     28.96     50.85     17.73     13.97     16.72     12.73     10.39      8.34
   8     49.38     43.21     47.10     45.99     50.11     41.21      0.00     47.05     42.05     40.16     42.16     34.81     40.62     50.43     52.46     67.95     43.22     40.85      8.02     43.35     39.62     36.10
   9     14.56     31.02     14.66     10.94     28.06     19.12     47.05      0.00     16.14     16.51     22.84     33.99     14.99     34.82     38.84     56.02     11.50     27.07     20.10     12.67     20.69     14.58
  10     24.85     26.11     20.27     16.73     29.90     11.92     42.05     16.14      0.00      6.45     15.63     21.01     11.83     35.97     28.99     57.96     12.98     22.53     17.83      7.83      6.55     10.30
  12     22.89     24.70     20.19     17.28     27.95     14.16     40.16     16.51      6.45      0.00     20.31     24.12     13.18     35.35     27.86     56.44     12.90     23.55     20.70     11.66      9.91     10.39
  13     32.69     33.54     25.42     22.22     37.26     16.01     42.16     22.84     15.63     20.31      0.00     17.94     16.93     40.16     39.46     62.46     20.00     23.74     13.99     12.99     12.76     17.35
  14     42.45     32.21     34.08     32.11     41.66     20.26     34.81     33.99     21.01     24.12     17.94      0.00     23.84     42.81     35.57     64.64     28.84     24.91     20.51     23.63     16.37     19.33
  15     27.19     20.49     19.21     16.36     21.85      6.11     40.62     14.99     11.83     13.18     16.93     23.84      0.00     26.50     29.81     49.04     15.93     15.00     17.48     11.33     12.01      6.36
  16     46.45     15.95     41.08     39.21     12.38     28.44     50.43     34.82     35.97     35.35     40.16     42.81     26.50      0.00     32.25     23.60     40.68     19.70     39.39     37.33     35.15     28.74
  17     47.22     19.16     42.26     39.70     27.26     28.96     52.46     38.84     28.99     27.86     39.46     35.57     29.81     32.25      0.00     46.12     38.99     29.01     42.54     35.25     26.24     26.87
  18     66.01     34.82     61.76     60.33     29.32     50.85     67.95     56.02     57.96     56.44     62.46     64.64     49.04     23.60     46.12      0.00     62.30     41.59     62.28     59.67     56.89     50.90
  21     15.44     33.78      9.92      8.04     33.53     17.73     43.22     11.50     12.98     12.90     20.00     28.84     15.93     40.68     38.99     62.30      0.00     29.46     17.61      9.03     17.19     14.90
  22     39.72     14.26     32.03     30.04     21.11     13.97     40.85     27.07     22.53     23.55     23.74     24.91     15.00     19.70     29.01     41.59     29.46      0.00     23.10     24.61     19.59     14.08
  23     28.74     33.25     21.19     19.88     37.07     16.72      8.02     20.10     17.83     20.70     13.99     20.51     17.48     39.39     42.54     62.28     17.61     23.10      0.00     15.53     17.40     14.58
  24     22.03     30.35     15.95     12.14     31.57     12.73     43.35     12.67      7.83     11.66     12.99     23.63     11.33     37.33     35.25     59.67      9.03     24.61     15.53      0.00     11.09     11.84
(4, 19)     30.02     24.69     23.84     20.64     30.29     10.39     39.62     20.69      6.55      9.91     12.76     16.37     12.01     35.15     26.24     56.89     17.19     19.59     17.40     11.09      0.00      8.50
(11, 20)     25.68     18.47     18.86     16.06     24.05      8.34     36.10     14.58     10.30     10.39     17.35     19.33      6.36     28.74     26.87     50.90     14.90     14.08     14.58     11.84      8.50      0.00

Se unieron: 7 y 15 (distancia: 6.11)

Nivel 3:
             1         2         3         5         6         8         9        10        12        13        14        16        17        18        21        22        23        24   (4, 19)  (11, 20)   (7, 15)
   1      0.00     41.62     18.05     16.55     38.05     49.38     14.56     24.85     22.89     32.69     42.45     46.45     47.22     66.01     15.44     39.72     28.74     22.03     30.02     25.68     27.19
   2     41.62      0.00     36.19     34.02     14.33     43.21     31.02     26.11     24.70     33.54     32.21     15.95     19.16     34.82     33.78     14.26     33.25     30.35     24.69     18.47     20.49
   3     18.05     36.19      0.00      6.21     34.01     47.10     14.66     20.27     20.19     25.42     34.08     41.08     42.26     61.76      9.92     32.03     21.19     15.95     23.84     18.86     19.21
   5     16.55     34.02      6.21      0.00     32.09     45.99     10.94     16.73     17.28     22.22     32.11     39.21     39.70     60.33      8.04     30.04     19.88     12.14     20.64     16.06     16.36
   6     38.05     14.33     34.01     32.09      0.00     50.11     28.06     29.90     27.95     37.26     41.66     12.38     27.26     29.32     33.53     21.11     37.07     31.57     30.29     24.05     21.85
   8     49.38     43.21     47.10     45.99     50.11      0.00     47.05     42.05     40.16     42.16     34.81     50.43     52.46     67.95     43.22     40.85      8.02     43.35     39.62     36.10     40.62
   9     14.56     31.02     14.66     10.94     28.06     47.05      0.00     16.14     16.51     22.84     33.99     34.82     38.84     56.02     11.50     27.07     20.10     12.67     20.69     14.58     14.99
  10     24.85     26.11     20.27     16.73     29.90     42.05     16.14      0.00      6.45     15.63     21.01     35.97     28.99     57.96     12.98     22.53     17.83      7.83      6.55     10.30     11.83
  12     22.89     24.70     20.19     17.28     27.95     40.16     16.51      6.45      0.00     20.31     24.12     35.35     27.86     56.44     12.90     23.55     20.70     11.66      9.91     10.39     13.18
  13     32.69     33.54     25.42     22.22     37.26     42.16     22.84     15.63     20.31      0.00     17.94     40.16     39.46     62.46     20.00     23.74     13.99     12.99     12.76     17.35     16.01
  14     42.45     32.21     34.08     32.11     41.66     34.81     33.99     21.01     24.12     17.94      0.00     42.81     35.57     64.64     28.84     24.91     20.51     23.63     16.37     19.33     20.26
  16     46.45     15.95     41.08     39.21     12.38     50.43     34.82     35.97     35.35     40.16     42.81      0.00     32.25     23.60     40.68     19.70     39.39     37.33     35.15     28.74     26.50
  17     47.22     19.16     42.26     39.70     27.26     52.46     38.84     28.99     27.86     39.46     35.57     32.25      0.00     46.12     38.99     29.01     42.54     35.25     26.24     26.87     28.96
  18     66.01     34.82     61.76     60.33     29.32     67.95     56.02     57.96     56.44     62.46     64.64     23.60     46.12      0.00     62.30     41.59     62.28     59.67     56.89     50.90     49.04
  21     15.44     33.78      9.92      8.04     33.53     43.22     11.50     12.98     12.90     20.00     28.84     40.68     38.99     62.30      0.00     29.46     17.61      9.03     17.19     14.90     15.93
  22     39.72     14.26     32.03     30.04     21.11     40.85     27.07     22.53     23.55     23.74     24.91     19.70     29.01     41.59     29.46      0.00     23.10     24.61     19.59     14.08     13.97
  23     28.74     33.25     21.19     19.88     37.07      8.02     20.10     17.83     20.70     13.99     20.51     39.39     42.54     62.28     17.61     23.10      0.00     15.53     17.40     14.58     16.72
  24     22.03     30.35     15.95     12.14     31.57     43.35     12.67      7.83     11.66     12.99     23.63     37.33     35.25     59.67      9.03     24.61     15.53      0.00     11.09     11.84     11.33
(4, 19)     30.02     24.69     23.84     20.64     30.29     39.62     20.69      6.55      9.91     12.76     16.37     35.15     26.24     56.89     17.19     19.59     17.40     11.09      0.00      8.50     10.39
(11, 20)     25.68     18.47     18.86     16.06     24.05     36.10     14.58     10.30     10.39     17.35     19.33     28.74     26.87     50.90     14.90     14.08     14.58     11.84      8.50      0.00      6.36
(7, 15)     27.19     20.49     19.21     16.36     21.85     40.62     14.99     11.83     13.18     16.01     20.26     26.50     28.96     49.04     15.93     13.97     16.72     11.33     10.39      6.36      0.00

Se unieron: 3 y 5 (distancia: 6.21)

Nivel 4:
             1         2         6         8         9        10        12        13        14        16        17        18        21        22        23        24   (4, 19)  (11, 20)   (7, 15)    (3, 5)
   1      0.00     41.62     38.05     49.38     14.56     24.85     22.89     32.69     42.45     46.45     47.22     66.01     15.44     39.72     28.74     22.03     30.02     25.68     27.19     16.55
   2     41.62      0.00     14.33     43.21     31.02     26.11     24.70     33.54     32.21     15.95     19.16     34.82     33.78     14.26     33.25     30.35     24.69     18.47     20.49     34.02
   6     38.05     14.33      0.00     50.11     28.06     29.90     27.95     37.26     41.66     12.38     27.26     29.32     33.53     21.11     37.07     31.57     30.29     24.05     21.85     32.09
   8     49.38     43.21     50.11      0.00     47.05     42.05     40.16     42.16     34.81     50.43     52.46     67.95     43.22     40.85      8.02     43.35     39.62     36.10     40.62     45.99
   9     14.56     31.02     28.06     47.05      0.00     16.14     16.51     22.84     33.99     34.82     38.84     56.02     11.50     27.07     20.10     12.67     20.69     14.58     14.99     10.94
  10     24.85     26.11     29.90     42.05     16.14      0.00      6.45     15.63     21.01     35.97     28.99     57.96     12.98     22.53     17.83      7.83      6.55     10.30     11.83     16.73
  12     22.89     24.70     27.95     40.16     16.51      6.45      0.00     20.31     24.12     35.35     27.86     56.44     12.90     23.55     20.70     11.66      9.91     10.39     13.18     17.28
  13     32.69     33.54     37.26     42.16     22.84     15.63     20.31      0.00     17.94     40.16     39.46     62.46     20.00     23.74     13.99     12.99     12.76     17.35     16.01     22.22
  14     42.45     32.21     41.66     34.81     33.99     21.01     24.12     17.94      0.00     42.81     35.57     64.64     28.84     24.91     20.51     23.63     16.37     19.33     20.26     32.11
  16     46.45     15.95     12.38     50.43     34.82     35.97     35.35     40.16     42.81      0.00     32.25     23.60     40.68     19.70     39.39     37.33     35.15     28.74     26.50     39.21
  17     47.22     19.16     27.26     52.46     38.84     28.99     27.86     39.46     35.57     32.25      0.00     46.12     38.99     29.01     42.54     35.25     26.24     26.87     28.96     39.70
  18     66.01     34.82     29.32     67.95     56.02     57.96     56.44     62.46     64.64     23.60     46.12      0.00     62.30     41.59     62.28     59.67     56.89     50.90     49.04     60.33
  21     15.44     33.78     33.53     43.22     11.50     12.98     12.90     20.00     28.84     40.68     38.99     62.30      0.00     29.46     17.61      9.03     17.19     14.90     15.93      8.04
  22     39.72     14.26     21.11     40.85     27.07     22.53     23.55     23.74     24.91     19.70     29.01     41.59     29.46      0.00     23.10     24.61     19.59     14.08     13.97     30.04
  23     28.74     33.25     37.07      8.02     20.10     17.83     20.70     13.99     20.51     39.39     42.54     62.28     17.61     23.10      0.00     15.53     17.40     14.58     16.72     19.88
  24     22.03     30.35     31.57     43.35     12.67      7.83     11.66     12.99     23.63     37.33     35.25     59.67      9.03     24.61     15.53      0.00     11.09     11.84     11.33     12.14
(4, 19)     30.02     24.69     30.29     39.62     20.69      6.55      9.91     12.76     16.37     35.15     26.24     56.89     17.19     19.59     17.40     11.09      0.00      8.50     10.39     20.64
(11, 20)     25.68     18.47     24.05     36.10     14.58     10.30     10.39     17.35     19.33     28.74     26.87     50.90     14.90     14.08     14.58     11.84      8.50      0.00      6.36     16.06
(7, 15)     27.19     20.49     21.85     40.62     14.99     11.83     13.18     16.01     20.26     26.50     28.96     49.04     15.93     13.97     16.72     11.33     10.39      6.36      0.00     16.36
(3, 5)     16.55     34.02     32.09     45.99     10.94     16.73     17.28     22.22     32.11     39.21     39.70     60.33      8.04     30.04     19.88     12.14     20.64     16.06     16.36      0.00

Se unieron: (11, 20) y (7, 15) (distancia: 6.36)

Nivel 5:
             1         2         6         8         9        10        12        13        14        16        17        18        21        22        23        24   (4, 19)    (3, 5)((11, 20), (7, 15))
   1      0.00     41.62     38.05     49.38     14.56     24.85     22.89     32.69     42.45     46.45     47.22     66.01     15.44     39.72     28.74     22.03     30.02     16.55     25.68
   2     41.62      0.00     14.33     43.21     31.02     26.11     24.70     33.54     32.21     15.95     19.16     34.82     33.78     14.26     33.25     30.35     24.69     34.02     18.47
   6     38.05     14.33      0.00     50.11     28.06     29.90     27.95     37.26     41.66     12.38     27.26     29.32     33.53     21.11     37.07     31.57     30.29     32.09     21.85
   8     49.38     43.21     50.11      0.00     47.05     42.05     40.16     42.16     34.81     50.43     52.46     67.95     43.22     40.85      8.02     43.35     39.62     45.99     36.10
   9     14.56     31.02     28.06     47.05      0.00     16.14     16.51     22.84     33.99     34.82     38.84     56.02     11.50     27.07     20.10     12.67     20.69     10.94     14.58
  10     24.85     26.11     29.90     42.05     16.14      0.00      6.45     15.63     21.01     35.97     28.99     57.96     12.98     22.53     17.83      7.83      6.55     16.73     10.30
  12     22.89     24.70     27.95     40.16     16.51      6.45      0.00     20.31     24.12     35.35     27.86     56.44     12.90     23.55     20.70     11.66      9.91     17.28     10.39
  13     32.69     33.54     37.26     42.16     22.84     15.63     20.31      0.00     17.94     40.16     39.46     62.46     20.00     23.74     13.99     12.99     12.76     22.22     16.01
  14     42.45     32.21     41.66     34.81     33.99     21.01     24.12     17.94      0.00     42.81     35.57     64.64     28.84     24.91     20.51     23.63     16.37     32.11     19.33
  16     46.45     15.95     12.38     50.43     34.82     35.97     35.35     40.16     42.81      0.00     32.25     23.60     40.68     19.70     39.39     37.33     35.15     39.21     26.50
  17     47.22     19.16     27.26     52.46     38.84     28.99     27.86     39.46     35.57     32.25      0.00     46.12     38.99     29.01     42.54     35.25     26.24     39.70     26.87
  18     66.01     34.82     29.32     67.95     56.02     57.96     56.44     62.46     64.64     23.60     46.12      0.00     62.30     41.59     62.28     59.67     56.89     60.33     49.04
  21     15.44     33.78     33.53     43.22     11.50     12.98     12.90     20.00     28.84     40.68     38.99     62.30      0.00     29.46     17.61      9.03     17.19      8.04     14.90
  22     39.72     14.26     21.11     40.85     27.07     22.53     23.55     23.74     24.91     19.70     29.01     41.59     29.46      0.00     23.10     24.61     19.59     30.04     13.97
  23     28.74     33.25     37.07      8.02     20.10     17.83     20.70     13.99     20.51     39.39     42.54     62.28     17.61     23.10      0.00     15.53     17.40     19.88     14.58
  24     22.03     30.35     31.57     43.35     12.67      7.83     11.66     12.99     23.63     37.33     35.25     59.67      9.03     24.61     15.53      0.00     11.09     12.14     11.33
(4, 19)     30.02     24.69     30.29     39.62     20.69      6.55      9.91     12.76     16.37     35.15     26.24     56.89     17.19     19.59     17.40     11.09      0.00     20.64      8.50
(3, 5)     16.55     34.02     32.09     45.99     10.94     16.73     17.28     22.22     32.11     39.21     39.70     60.33      8.04     30.04     19.88     12.14     20.64      0.00     16.06
((11, 20), (7, 15))     25.68     18.47     21.85     36.10     14.58     10.30     10.39     16.01     19.33     26.50     26.87     49.04     14.90     13.97     14.58     11.33      8.50     16.06      0.00

Se unieron: 10 y 12 (distancia: 6.45)

Nivel 6:
             1         2         6         8         9        13        14        16        17        18        21        22        23        24   (4, 19)    (3, 5)((11, 20), (7, 15))  (10, 12)
   1      0.00     41.62     38.05     49.38     14.56     32.69     42.45     46.45     47.22     66.01     15.44     39.72     28.74     22.03     30.02     16.55     25.68     22.89
   2     41.62      0.00     14.33     43.21     31.02     33.54     32.21     15.95     19.16     34.82     33.78     14.26     33.25     30.35     24.69     34.02     18.47     24.70
   6     38.05     14.33      0.00     50.11     28.06     37.26     41.66     12.38     27.26     29.32     33.53     21.11     37.07     31.57     30.29     32.09     21.85     27.95
   8     49.38     43.21     50.11      0.00     47.05     42.16     34.81     50.43     52.46     67.95     43.22     40.85      8.02     43.35     39.62     45.99     36.10     40.16
   9     14.56     31.02     28.06     47.05      0.00     22.84     33.99     34.82     38.84     56.02     11.50     27.07     20.10     12.67     20.69     10.94     14.58     16.14
  13     32.69     33.54     37.26     42.16     22.84      0.00     17.94     40.16     39.46     62.46     20.00     23.74     13.99     12.99     12.76     22.22     16.01     15.63
  14     42.45     32.21     41.66     34.81     33.99     17.94      0.00     42.81     35.57     64.64     28.84     24.91     20.51     23.63     16.37     32.11     19.33     21.01
  16     46.45     15.95     12.38     50.43     34.82     40.16     42.81      0.00     32.25     23.60     40.68     19.70     39.39     37.33     35.15     39.21     26.50     35.35
  17     47.22     19.16     27.26     52.46     38.84     39.46     35.57     32.25      0.00     46.12     38.99     29.01     42.54     35.25     26.24     39.70     26.87     27.86
  18     66.01     34.82     29.32     67.95     56.02     62.46     64.64     23.60     46.12      0.00     62.30     41.59     62.28     59.67     56.89     60.33     49.04     56.44
  21     15.44     33.78     33.53     43.22     11.50     20.00     28.84     40.68     38.99     62.30      0.00     29.46     17.61      9.03     17.19      8.04     14.90     12.90
  22     39.72     14.26     21.11     40.85     27.07     23.74     24.91     19.70     29.01     41.59     29.46      0.00     23.10     24.61     19.59     30.04     13.97     22.53
  23     28.74     33.25     37.07      8.02     20.10     13.99     20.51     39.39     42.54     62.28     17.61     23.10      0.00     15.53     17.40     19.88     14.58     17.83
  24     22.03     30.35     31.57     43.35     12.67     12.99     23.63     37.33     35.25     59.67      9.03     24.61     15.53      0.00     11.09     12.14     11.33      7.83
(4, 19)     30.02     24.69     30.29     39.62     20.69     12.76     16.37     35.15     26.24     56.89     17.19     19.59     17.40     11.09      0.00     20.64      8.50      6.55
(3, 5)     16.55     34.02     32.09     45.99     10.94     22.22     32.11     39.21     39.70     60.33      8.04     30.04     19.88     12.14     20.64      0.00     16.06     16.73
((11, 20), (7, 15))     25.68     18.47     21.85     36.10     14.58     16.01     19.33     26.50     26.87     49.04     14.90     13.97     14.58     11.33      8.50     16.06      0.00     10.30
(10, 12)     22.89     24.70     27.95     40.16     16.14     15.63     21.01     35.35     27.86     56.44     12.90     22.53     17.83      7.83      6.55     16.73     10.30      0.00

Se unieron: (4, 19) y (10, 12) (distancia: 6.55)

Nivel 7:
             1         2         6         8         9        13        14        16        17        18        21        22        23        24    (3, 5)((11, 20), (7, 15))((4, 19), (10, 12))
   1      0.00     41.62     38.05     49.38     14.56     32.69     42.45     46.45     47.22     66.01     15.44     39.72     28.74     22.03     16.55     25.68     22.89
   2     41.62      0.00     14.33     43.21     31.02     33.54     32.21     15.95     19.16     34.82     33.78     14.26     33.25     30.35     34.02     18.47     24.69
   6     38.05     14.33      0.00     50.11     28.06     37.26     41.66     12.38     27.26     29.32     33.53     21.11     37.07     31.57     32.09     21.85     27.95
   8     49.38     43.21     50.11      0.00     47.05     42.16     34.81     50.43     52.46     67.95     43.22     40.85      8.02     43.35     45.99     36.10     39.62
   9     14.56     31.02     28.06     47.05      0.00     22.84     33.99     34.82     38.84     56.02     11.50     27.07     20.10     12.67     10.94     14.58     16.14
  13     32.69     33.54     37.26     42.16     22.84      0.00     17.94     40.16     39.46     62.46     20.00     23.74     13.99     12.99     22.22     16.01     12.76
  14     42.45     32.21     41.66     34.81     33.99     17.94      0.00     42.81     35.57     64.64     28.84     24.91     20.51     23.63     32.11     19.33     16.37
  16     46.45     15.95     12.38     50.43     34.82     40.16     42.81      0.00     32.25     23.60     40.68     19.70     39.39     37.33     39.21     26.50     35.15
  17     47.22     19.16     27.26     52.46     38.84     39.46     35.57     32.25      0.00     46.12     38.99     29.01     42.54     35.25     39.70     26.87     26.24
  18     66.01     34.82     29.32     67.95     56.02     62.46     64.64     23.60     46.12      0.00     62.30     41.59     62.28     59.67     60.33     49.04     56.44
  21     15.44     33.78     33.53     43.22     11.50     20.00     28.84     40.68     38.99     62.30      0.00     29.46     17.61      9.03      8.04     14.90     12.90
  22     39.72     14.26     21.11     40.85     27.07     23.74     24.91     19.70     29.01     41.59     29.46      0.00     23.10     24.61     30.04     13.97     19.59
  23     28.74     33.25     37.07      8.02     20.10     13.99     20.51     39.39     42.54     62.28     17.61     23.10      0.00     15.53     19.88     14.58     17.40
  24     22.03     30.35     31.57     43.35     12.67     12.99     23.63     37.33     35.25     59.67      9.03     24.61     15.53      0.00     12.14     11.33      7.83
(3, 5)     16.55     34.02     32.09     45.99     10.94     22.22     32.11     39.21     39.70     60.33      8.04     30.04     19.88     12.14      0.00     16.06     16.73
((11, 20), (7, 15))     25.68     18.47     21.85     36.10     14.58     16.01     19.33     26.50     26.87     49.04     14.90     13.97     14.58     11.33     16.06      0.00      8.50
((4, 19), (10, 12))     22.89     24.69     27.95     39.62     16.14     12.76     16.37     35.15     26.24     56.44     12.90     19.59     17.40      7.83     16.73      8.50      0.00

Se unieron: 24 y ((4, 19), (10, 12)) (distancia: 7.83)

Nivel 8:
             1         2         6         8         9        13        14        16        17        18        21        22        23    (3, 5)((11, 20), (7, 15))(24, ((4, 19), (10, 12)))
   1      0.00     41.62     38.05     49.38     14.56     32.69     42.45     46.45     47.22     66.01     15.44     39.72     28.74     16.55     25.68     22.03
   2     41.62      0.00     14.33     43.21     31.02     33.54     32.21     15.95     19.16     34.82     33.78     14.26     33.25     34.02     18.47     24.69
   6     38.05     14.33      0.00     50.11     28.06     37.26     41.66     12.38     27.26     29.32     33.53     21.11     37.07     32.09     21.85     27.95
   8     49.38     43.21     50.11      0.00     47.05     42.16     34.81     50.43     52.46     67.95     43.22     40.85      8.02     45.99     36.10     39.62
   9     14.56     31.02     28.06     47.05      0.00     22.84     33.99     34.82     38.84     56.02     11.50     27.07     20.10     10.94     14.58     12.67
  13     32.69     33.54     37.26     42.16     22.84      0.00     17.94     40.16     39.46     62.46     20.00     23.74     13.99     22.22     16.01     12.76
  14     42.45     32.21     41.66     34.81     33.99     17.94      0.00     42.81     35.57     64.64     28.84     24.91     20.51     32.11     19.33     16.37
  16     46.45     15.95     12.38     50.43     34.82     40.16     42.81      0.00     32.25     23.60     40.68     19.70     39.39     39.21     26.50     35.15
  17     47.22     19.16     27.26     52.46     38.84     39.46     35.57     32.25      0.00     46.12     38.99     29.01     42.54     39.70     26.87     26.24
  18     66.01     34.82     29.32     67.95     56.02     62.46     64.64     23.60     46.12      0.00     62.30     41.59     62.28     60.33     49.04     56.44
  21     15.44     33.78     33.53     43.22     11.50     20.00     28.84     40.68     38.99     62.30      0.00     29.46     17.61      8.04     14.90      9.03
  22     39.72     14.26     21.11     40.85     27.07     23.74     24.91     19.70     29.01     41.59     29.46      0.00     23.10     30.04     13.97     19.59
  23     28.74     33.25     37.07      8.02     20.10     13.99     20.51     39.39     42.54     62.28     17.61     23.10      0.00     19.88     14.58     15.53
(3, 5)     16.55     34.02     32.09     45.99     10.94     22.22     32.11     39.21     39.70     60.33      8.04     30.04     19.88      0.00     16.06     12.14
((11, 20), (7, 15))     25.68     18.47     21.85     36.10     14.58     16.01     19.33     26.50     26.87     49.04     14.90     13.97     14.58     16.06      0.00      8.50
(24, ((4, 19), (10, 12)))     22.03     24.69     27.95     39.62     12.67     12.76     16.37     35.15     26.24     56.44      9.03     19.59     15.53     12.14      8.50      0.00

Se unieron: 8 y 23 (distancia: 8.02)

Nivel 9:
             1         2         6         9        13        14        16        17        18        21        22    (3, 5)((11, 20), (7, 15))(24, ((4, 19), (10, 12)))   (8, 23)
   1      0.00     41.62     38.05     14.56     32.69     42.45     46.45     47.22     66.01     15.44     39.72     16.55     25.68     22.03     28.74
   2     41.62      0.00     14.33     31.02     33.54     32.21     15.95     19.16     34.82     33.78     14.26     34.02     18.47     24.69     33.25
   6     38.05     14.33      0.00     28.06     37.26     41.66     12.38     27.26     29.32     33.53     21.11     32.09     21.85     27.95     37.07
   9     14.56     31.02     28.06      0.00     22.84     33.99     34.82     38.84     56.02     11.50     27.07     10.94     14.58     12.67     20.10
  13     32.69     33.54     37.26     22.84      0.00     17.94     40.16     39.46     62.46     20.00     23.74     22.22     16.01     12.76     13.99
  14     42.45     32.21     41.66     33.99     17.94      0.00     42.81     35.57     64.64     28.84     24.91     32.11     19.33     16.37     20.51
  16     46.45     15.95     12.38     34.82     40.16     42.81      0.00     32.25     23.60     40.68     19.70     39.21     26.50     35.15     39.39
  17     47.22     19.16     27.26     38.84     39.46     35.57     32.25      0.00     46.12     38.99     29.01     39.70     26.87     26.24     42.54
  18     66.01     34.82     29.32     56.02     62.46     64.64     23.60     46.12      0.00     62.30     41.59     60.33     49.04     56.44     62.28
  21     15.44     33.78     33.53     11.50     20.00     28.84     40.68     38.99     62.30      0.00     29.46      8.04     14.90      9.03     17.61
  22     39.72     14.26     21.11     27.07     23.74     24.91     19.70     29.01     41.59     29.46      0.00     30.04     13.97     19.59     23.10
(3, 5)     16.55     34.02     32.09     10.94     22.22     32.11     39.21     39.70     60.33      8.04     30.04      0.00     16.06     12.14     19.88
((11, 20), (7, 15))     25.68     18.47     21.85     14.58     16.01     19.33     26.50     26.87     49.04     14.90     13.97     16.06      0.00      8.50     14.58
(24, ((4, 19), (10, 12)))     22.03     24.69     27.95     12.67     12.76     16.37     35.15     26.24     56.44      9.03     19.59     12.14      8.50      0.00     15.53
(8, 23)     28.74     33.25     37.07     20.10     13.99     20.51     39.39     42.54     62.28     17.61     23.10     19.88     14.58     15.53      0.00

Se unieron: 21 y (3, 5) (distancia: 8.04)

Nivel 10:
             1         2         6         9        13        14        16        17        18        22((11, 20), (7, 15))(24, ((4, 19), (10, 12)))   (8, 23)(21, (3, 5))
   1      0.00     41.62     38.05     14.56     32.69     42.45     46.45     47.22     66.01     39.72     25.68     22.03     28.74     15.44
   2     41.62      0.00     14.33     31.02     33.54     32.21     15.95     19.16     34.82     14.26     18.47     24.69     33.25     33.78
   6     38.05     14.33      0.00     28.06     37.26     41.66     12.38     27.26     29.32     21.11     21.85     27.95     37.07     32.09
   9     14.56     31.02     28.06      0.00     22.84     33.99     34.82     38.84     56.02     27.07     14.58     12.67     20.10     10.94
  13     32.69     33.54     37.26     22.84      0.00     17.94     40.16     39.46     62.46     23.74     16.01     12.76     13.99     20.00
  14     42.45     32.21     41.66     33.99     17.94      0.00     42.81     35.57     64.64     24.91     19.33     16.37     20.51     28.84
  16     46.45     15.95     12.38     34.82     40.16     42.81      0.00     32.25     23.60     19.70     26.50     35.15     39.39     39.21
  17     47.22     19.16     27.26     38.84     39.46     35.57     32.25      0.00     46.12     29.01     26.87     26.24     42.54     38.99
  18     66.01     34.82     29.32     56.02     62.46     64.64     23.60     46.12      0.00     41.59     49.04     56.44     62.28     60.33
  22     39.72     14.26     21.11     27.07     23.74     24.91     19.70     29.01     41.59      0.00     13.97     19.59     23.10     29.46
((11, 20), (7, 15))     25.68     18.47     21.85     14.58     16.01     19.33     26.50     26.87     49.04     13.97      0.00      8.50     14.58     14.90
(24, ((4, 19), (10, 12)))     22.03     24.69     27.95     12.67     12.76     16.37     35.15     26.24     56.44     19.59      8.50      0.00     15.53      9.03
(8, 23)     28.74     33.25     37.07     20.10     13.99     20.51     39.39     42.54     62.28     23.10     14.58     15.53      0.00     17.61
(21, (3, 5))     15.44     33.78     32.09     10.94     20.00     28.84     39.21     38.99     60.33     29.46     14.90      9.03     17.61      0.00

Se unieron: ((11, 20), (7, 15)) y (24, ((4, 19), (10, 12))) (distancia: 8.50)

Nivel 11:
             1         2         6         9        13        14        16        17        18        22   (8, 23)(21, (3, 5))(((11, 20), (7, 15)), (24, ((4, 19), (10, 12))))
   1      0.00     41.62     38.05     14.56     32.69     42.45     46.45     47.22     66.01     39.72     28.74     15.44     22.03
   2     41.62      0.00     14.33     31.02     33.54     32.21     15.95     19.16     34.82     14.26     33.25     33.78     18.47
   6     38.05     14.33      0.00     28.06     37.26     41.66     12.38     27.26     29.32     21.11     37.07     32.09     21.85
   9     14.56     31.02     28.06      0.00     22.84     33.99     34.82     38.84     56.02     27.07     20.10     10.94     12.67
  13     32.69     33.54     37.26     22.84      0.00     17.94     40.16     39.46     62.46     23.74     13.99     20.00     12.76
  14     42.45     32.21     41.66     33.99     17.94      0.00     42.81     35.57     64.64     24.91     20.51     28.84     16.37
  16     46.45     15.95     12.38     34.82     40.16     42.81      0.00     32.25     23.60     19.70     39.39     39.21     26.50
  17     47.22     19.16     27.26     38.84     39.46     35.57     32.25      0.00     46.12     29.01     42.54     38.99     26.24
  18     66.01     34.82     29.32     56.02     62.46     64.64     23.60     46.12      0.00     41.59     62.28     60.33     49.04
  22     39.72     14.26     21.11     27.07     23.74     24.91     19.70     29.01     41.59      0.00     23.10     29.46     13.97
(8, 23)     28.74     33.25     37.07     20.10     13.99     20.51     39.39     42.54     62.28     23.10      0.00     17.61     14.58
(21, (3, 5))     15.44     33.78     32.09     10.94     20.00     28.84     39.21     38.99     60.33     29.46     17.61      0.00      9.03
(((11, 20), (7, 15)), (24, ((4, 19), (10, 12))))     22.03     18.47     21.85     12.67     12.76     16.37     26.50     26.24     49.04     13.97     14.58      9.03      0.00

Se unieron: (21, (3, 5)) y (((11, 20), (7, 15)), (24, ((4, 19), (10, 12)))) (distancia: 9.03)

Nivel 12:
             1         2         6         9        13        14        16        17        18        22   (8, 23)((21, (3, 5)), (((11, 20), (7, 15)), (24, ((4, 19), (10, 12)))))
   1      0.00     41.62     38.05     14.56     32.69     42.45     46.45     47.22     66.01     39.72     28.74     15.44
   2     41.62      0.00     14.33     31.02     33.54     32.21     15.95     19.16     34.82     14.26     33.25     18.47
   6     38.05     14.33      0.00     28.06     37.26     41.66     12.38     27.26     29.32     21.11     37.07     21.85
   9     14.56     31.02     28.06      0.00     22.84     33.99     34.82     38.84     56.02     27.07     20.10     10.94
  13     32.69     33.54     37.26     22.84      0.00     17.94     40.16     39.46     62.46     23.74     13.99     12.76
  14     42.45     32.21     41.66     33.99     17.94      0.00     42.81     35.57     64.64     24.91     20.51     16.37
  16     46.45     15.95     12.38     34.82     40.16     42.81      0.00     32.25     23.60     19.70     39.39     26.50
  17     47.22     19.16     27.26     38.84     39.46     35.57     32.25      0.00     46.12     29.01     42.54     26.24
  18     66.01     34.82     29.32     56.02     62.46     64.64     23.60     46.12      0.00     41.59     62.28     49.04
  22     39.72     14.26     21.11     27.07     23.74     24.91     19.70     29.01     41.59      0.00     23.10     13.97
(8, 23)     28.74     33.25     37.07     20.10     13.99     20.51     39.39     42.54     62.28     23.10      0.00     14.58
((21, (3, 5)), (((11, 20), (7, 15)), (24, ((4, 19), (10, 12)))))     15.44     18.47     21.85     10.94     12.76     16.37     26.50     26.24     49.04     13.97     14.58      0.00

Se unieron: 9 y ((21, (3, 5)), (((11, 20), (7, 15)), (24, ((4, 19), (10, 12))))) (distancia: 10.94)

Nivel 13:
             1         2         6        13        14        16        17        18        22   (8, 23)(9, ((21, (3, 5)), (((11, 20), (7, 15)), (24, ((4, 19), (10, 12))))))
   1      0.00     41.62     38.05     32.69     42.45     46.45     47.22     66.01     39.72     28.74     14.56
   2     41.62      0.00     14.33     33.54     32.21     15.95     19.16     34.82     14.26     33.25     18.47
   6     38.05     14.33      0.00     37.26     41.66     12.38     27.26     29.32     21.11     37.07     21.85
  13     32.69     33.54     37.26      0.00     17.94     40.16     39.46     62.46     23.74     13.99     12.76
  14     42.45     32.21     41.66     17.94      0.00     42.81     35.57     64.64     24.91     20.51     16.37
  16     46.45     15.95     12.38     40.16     42.81      0.00     32.25     23.60     19.70     39.39     26.50
  17     47.22     19.16     27.26     39.46     35.57     32.25      0.00     46.12     29.01     42.54     26.24
  18     66.01     34.82     29.32     62.46     64.64     23.60     46.12      0.00     41.59     62.28     49.04
  22     39.72     14.26     21.11     23.74     24.91     19.70     29.01     41.59      0.00     23.10     13.97
(8, 23)     28.74     33.25     37.07     13.99     20.51     39.39     42.54     62.28     23.10      0.00     14.58
(9, ((21, (3, 5)), (((11, 20), (7, 15)), (24, ((4, 19), (10, 12))))))     14.56     18.47     21.85     12.76     16.37     26.50     26.24     49.04     13.97     14.58      0.00

Se unieron: 6 y 16 (distancia: 12.38)

Nivel 14:
             1         2        13        14        17        18        22   (8, 23)(9, ((21, (3, 5)), (((11, 20), (7, 15)), (24, ((4, 19), (10, 12))))))   (6, 16)
   1      0.00     41.62     32.69     42.45     47.22     66.01     39.72     28.74     14.56     38.05
   2     41.62      0.00     33.54     32.21     19.16     34.82     14.26     33.25     18.47     14.33
  13     32.69     33.54      0.00     17.94     39.46     62.46     23.74     13.99     12.76     37.26
  14     42.45     32.21     17.94      0.00     35.57     64.64     24.91     20.51     16.37     41.66
  17     47.22     19.16     39.46     35.57      0.00     46.12     29.01     42.54     26.24     27.26
  18     66.01     34.82     62.46     64.64     46.12      0.00     41.59     62.28     49.04     23.60
  22     39.72     14.26     23.74     24.91     29.01     41.59      0.00     23.10     13.97     19.70
(8, 23)     28.74     33.25     13.99     20.51     42.54     62.28     23.10      0.00     14.58     37.07
(9, ((21, (3, 5)), (((11, 20), (7, 15)), (24, ((4, 19), (10, 12))))))     14.56     18.47     12.76     16.37     26.24     49.04     13.97     14.58      0.00     21.85
(6, 16)     38.05     14.33     37.26     41.66     27.26     23.60     19.70     37.07     21.85      0.00

Se unieron: 13 y (9, ((21, (3, 5)), (((11, 20), (7, 15)), (24, ((4, 19), (10, 12)))))) (distancia: 12.76)

Nivel 15:
             1         2        14        17        18        22   (8, 23)   (6, 16)(13, (9, ((21, (3, 5)), (((11, 20), (7, 15)), (24, ((4, 19), (10, 12)))))))
   1      0.00     41.62     42.45     47.22     66.01     39.72     28.74     38.05     14.56
   2     41.62      0.00     32.21     19.16     34.82     14.26     33.25     14.33     18.47
  14     42.45     32.21      0.00     35.57     64.64     24.91     20.51     41.66     16.37
  17     47.22     19.16     35.57      0.00     46.12     29.01     42.54     27.26     26.24
  18     66.01     34.82     64.64     46.12      0.00     41.59     62.28     23.60     49.04
  22     39.72     14.26     24.91     29.01     41.59      0.00     23.10     19.70     13.97
(8, 23)     28.74     33.25     20.51     42.54     62.28     23.10      0.00     37.07     13.99
(6, 16)     38.05     14.33     41.66     27.26     23.60     19.70     37.07      0.00     21.85
(13, (9, ((21, (3, 5)), (((11, 20), (7, 15)), (24, ((4, 19), (10, 12)))))))     14.56     18.47     16.37     26.24     49.04     13.97     13.99     21.85      0.00

Se unieron: 22 y (13, (9, ((21, (3, 5)), (((11, 20), (7, 15)), (24, ((4, 19), (10, 12))))))) (distancia: 13.97)

Nivel 16:
             1         2        14        17        18   (8, 23)   (6, 16)(22, (13, (9, ((21, (3, 5)), (((11, 20), (7, 15)), (24, ((4, 19), (10, 12))))))))
   1      0.00     41.62     42.45     47.22     66.01     28.74     38.05     14.56
   2     41.62      0.00     32.21     19.16     34.82     33.25     14.33     14.26
  14     42.45     32.21      0.00     35.57     64.64     20.51     41.66     16.37
  17     47.22     19.16     35.57      0.00     46.12     42.54     27.26     26.24
  18     66.01     34.82     64.64     46.12      0.00     62.28     23.60     41.59
(8, 23)     28.74     33.25     20.51     42.54     62.28      0.00     37.07     13.99
(6, 16)     38.05     14.33     41.66     27.26     23.60     37.07      0.00     19.70
(22, (13, (9, ((21, (3, 5)), (((11, 20), (7, 15)), (24, ((4, 19), (10, 12))))))))     14.56     14.26     16.37     26.24     41.59     13.99     19.70      0.00

Se unieron: (8, 23) y (22, (13, (9, ((21, (3, 5)), (((11, 20), (7, 15)), (24, ((4, 19), (10, 12)))))))) (distancia: 13.99)

Nivel 17:
             1         2        14        17        18   (6, 16)((8, 23), (22, (13, (9, ((21, (3, 5)), (((11, 20), (7, 15)), (24, ((4, 19), (10, 12)))))))))
   1      0.00     41.62     42.45     47.22     66.01     38.05     14.56
   2     41.62      0.00     32.21     19.16     34.82     14.33     14.26
  14     42.45     32.21      0.00     35.57     64.64     41.66     16.37
  17     47.22     19.16     35.57      0.00     46.12     27.26     26.24
  18     66.01     34.82     64.64     46.12      0.00     23.60     41.59
(6, 16)     38.05     14.33     41.66     27.26     23.60      0.00     19.70
((8, 23), (22, (13, (9, ((21, (3, 5)), (((11, 20), (7, 15)), (24, ((4, 19), (10, 12)))))))))     14.56     14.26     16.37     26.24     41.59     19.70      0.00

Se unieron: 2 y ((8, 23), (22, (13, (9, ((21, (3, 5)), (((11, 20), (7, 15)), (24, ((4, 19), (10, 12))))))))) (distancia: 14.26)

Nivel 18:
             1        14        17        18   (6, 16)(2, ((8, 23), (22, (13, (9, ((21, (3, 5)), (((11, 20), (7, 15)), (24, ((4, 19), (10, 12))))))))))
   1      0.00     42.45     47.22     66.01     38.05     14.56
  14     42.45      0.00     35.57     64.64     41.66     16.37
  17     47.22     35.57      0.00     46.12     27.26     19.16
  18     66.01     64.64     46.12      0.00     23.60     34.82
(6, 16)     38.05     41.66     27.26     23.60      0.00     14.33
(2, ((8, 23), (22, (13, (9, ((21, (3, 5)), (((11, 20), (7, 15)), (24, ((4, 19), (10, 12))))))))))     14.56     16.37     19.16     34.82     14.33      0.00

Se unieron: (6, 16) y (2, ((8, 23), (22, (13, (9, ((21, (3, 5)), (((11, 20), (7, 15)), (24, ((4, 19), (10, 12)))))))))) (distancia: 14.33)

Nivel 19:
             1        14        17        18((6, 16), (2, ((8, 23), (22, (13, (9, ((21, (3, 5)), (((11, 20), (7, 15)), (24, ((4, 19), (10, 12)))))))))))
   1      0.00     42.45     47.22     66.01     14.56
  14     42.45      0.00     35.57     64.64     16.37
  17     47.22     35.57      0.00     46.12     19.16
  18     66.01     64.64     46.12      0.00     23.60
((6, 16), (2, ((8, 23), (22, (13, (9, ((21, (3, 5)), (((11, 20), (7, 15)), (24, ((4, 19), (10, 12)))))))))))     14.56     16.37     19.16     23.60      0.00

Se unieron: 1 y ((6, 16), (2, ((8, 23), (22, (13, (9, ((21, (3, 5)), (((11, 20), (7, 15)), (24, ((4, 19), (10, 12))))))))))) (distancia: 14.56)

Nivel 20:
            14        17        18(1, ((6, 16), (2, ((8, 23), (22, (13, (9, ((21, (3, 5)), (((11, 20), (7, 15)), (24, ((4, 19), (10, 12))))))))))))
  14      0.00     35.57     64.64     16.37
  17     35.57      0.00     46.12     19.16
  18     64.64     46.12      0.00     23.60
(1, ((6, 16), (2, ((8, 23), (22, (13, (9, ((21, (3, 5)), (((11, 20), (7, 15)), (24, ((4, 19), (10, 12))))))))))))     16.37     19.16     23.60      0.00

Se unieron: 14 y (1, ((6, 16), (2, ((8, 23), (22, (13, (9, ((21, (3, 5)), (((11, 20), (7, 15)), (24, ((4, 19), (10, 12)))))))))))) (distancia: 16.37)

Nivel 21:
            17        18(14, (1, ((6, 16), (2, ((8, 23), (22, (13, (9, ((21, (3, 5)), (((11, 20), (7, 15)), (24, ((4, 19), (10, 12)))))))))))))
  17      0.00     46.12     19.16
  18     46.12      0.00     23.60
(14, (1, ((6, 16), (2, ((8, 23), (22, (13, (9, ((21, (3, 5)), (((11, 20), (7, 15)), (24, ((4, 19), (10, 12)))))))))))))     19.16     23.60      0.00

Se unieron: 17 y (14, (1, ((6, 16), (2, ((8, 23), (22, (13, (9, ((21, (3, 5)), (((11, 20), (7, 15)), (24, ((4, 19), (10, 12))))))))))))) (distancia: 19.16)

Nivel 22:
            18(17, (14, (1, ((6, 16), (2, ((8, 23), (22, (13, (9, ((21, (3, 5)), (((11, 20), (7, 15)), (24, ((4, 19), (10, 12))))))))))))))
  18      0.00     23.60
(17, (14, (1, ((6, 16), (2, ((8, 23), (22, (13, (9, ((21, (3, 5)), (((11, 20), (7, 15)), (24, ((4, 19), (10, 12))))))))))))))     23.60      0.00

Se unieron: 18 y (17, (14, (1, ((6, 16), (2, ((8, 23), (22, (13, (9, ((21, (3, 5)), (((11, 20), (7, 15)), (24, ((4, 19), (10, 12)))))))))))))) (distancia: 23.60)


Resumen de niveles de agrupamiento:
Nivel 0: (4, 19)  distancia: 5.051201
Nivel 1: (11, 20)  distancia: 5.896250
Nivel 2: (7, 15)  distancia: 6.107261
Nivel 3: (3, 5)  distancia: 6.208849
Nivel 4: ((11, 20), (7, 15))  distancia: 6.363470
Nivel 5: (10, 12)  distancia: 6.449034
Nivel 6: ((4, 19), (10, 12))  distancia: 6.549371
Nivel 7: (24, ((4, 19), (10, 12)))  distancia: 7.833849
Nivel 8: (8, 23)  distancia: 8.018821
Nivel 9: (21, (3, 5))  distancia: 8.041998
Nivel 10: (((11, 20), (7, 15)), (24, ((4, 19), (10, 12))))  distancia: 8.500016
Nivel 11: ((21, (3, 5)), (((11, 20), (7, 15)), (24, ((4, 19), (10, 12)))))  distancia: 9.025217
Nivel 12: (9, ((21, (3, 5)), (((11, 20), (7, 15)), (24, ((4, 19), (10, 12))))))  distancia: 10.938199
Nivel 13: (6, 16)  distancia: 12.379022
Nivel 14: (13, (9, ((21, (3, 5)), (((11, 20), (7, 15)), (24, ((4, 19), (10, 12)))))))  distancia: 12.757188
Nivel 15: (22, (13, (9, ((21, (3, 5)), (((11, 20), (7, 15)), (24, ((4, 19), (10, 12))))))))  distancia: 13.973553
Nivel 16: ((8, 23), (22, (13, (9, ((21, (3, 5)), (((11, 20), (7, 15)), (24, ((4, 19), (10, 12)))))))))  distancia: 13.985636
Nivel 17: (2, ((8, 23), (22, (13, (9, ((21, (3, 5)), (((11, 20), (7, 15)), (24, ((4, 19), (10, 12))))))))))  distancia: 14.264120
Nivel 18: ((6, 16), (2, ((8, 23), (22, (13, (9, ((21, (3, 5)), (((11, 20), (7, 15)), (24, ((4, 19), (10, 12)))))))))))  distancia: 14.332659
Nivel 19: (1, ((6, 16), (2, ((8, 23), (22, (13, (9, ((21, (3, 5)), (((11, 20), (7, 15)), (24, ((4, 19), (10, 12))))))))))))  distancia: 14.563109
Nivel 20: (14, (1, ((6, 16), (2, ((8, 23), (22, (13, (9, ((21, (3, 5)), (((11, 20), (7, 15)), (24, ((4, 19), (10, 12)))))))))))))  distancia: 16.365218
Nivel 21: (17, (14, (1, ((6, 16), (2, ((8, 23), (22, (13, (9, ((21, (3, 5)), (((11, 20), (7, 15)), (24, ((4, 19), (10, 12))))))))))))))  distancia: 19.156303
Nivel 22: (18, (17, (14, (1, ((6, 16), (2, ((8, 23), (22, (13, (9, ((21, (3, 5)), (((11, 20), (7, 15)), (24, ((4, 19), (10, 12)))))))))))))))  distancia: 23.603647

Dendograma: (18, (17, (14, (1, ((6, 16), (2, ((8, 23), (22, (13, (9, ((21, (3, 5)), (((11, 20), (7, 15)), (24, ((4, 19), (10, 12)))))))))))))))
