Clustering jerárquico aglomerativo - prom linkage

Nivel 0:
             1         2         3         4         5         6         7         8         9        10        11        12        13        14        15        16        17        18        19        20        21        22        23        24
   1      0.00     41.62     18.05     30.02     16.55     38.05     30.85     49.38     14.56     24.85     29.33     22.89     32.69     42.45     27.19     46.45     47.22     66.01     32.20     25.68     15.44     39.72     28.74     22.03
   2     41.62      0.00     36.19     24.69     34.02     14.33     20.92     43.21     31.02     26.11     18.47     24.70     33.54     32.21     20.49     15.95     19.16     34.82     24.79     20.73     33.78     14.26     33.25     30.35
   3     18.05     36.19      0.00     23.84      6.21     34.01     20.95     47.10     14.66     20.27     23.63     20.19     25.42     34.08     19.21     41.08     42.26     61.76     24.29     18.86      9.92     32.03     21.19     15.95
   4     30.02     24.69     23.84      0.00     20.64     30.29     10.47     39.62     20.69      6.55      8.50      9.91     12.76     16.37     12.01     35.15     28.26     57.01      5.05     11.01     17.19     19.59     17.40     11.09
   5     16.55     34.02      6.21     20.64      0.00     32.09     19.18     45.99     10.94     16.73     20.83     17.28     22.22     32.11     16.36     39.21     39.70     60.33     21.27     16.06      8.04     30.04     19.88     12.14
   6     38.05     14.33     34.01     30.29     32.09      0.00     24.75     50.11     28.06     29.90     24.51     27.95     37.26     41.66     21.85     12.38     27.26     29.32     30.44     24.05     33.53     21.11     37.07     31.57
   7     30.85     20.92     20.95     10.47     19.18     24.75      0.00     41.21     19.12     11.92      9.07     14.16     16.01     20.26      6.11     28.44     28.96     50.85     10.39      8.34     17.73     13.97     16.72     12.73
   8     49.38     43.21     47.10     39.62     45.99     50.11     41.21      0.00     47.05     42.05     36.10     40.16     42.16     34.81     40.62     50.43     52.46     67.95     43.08     38.28     43.22     40.85      8.02     43.35
   9     14.56     31.02     14.66     20.69     10.94     28.06     19.12     47.05      0.00     16.14     19.22     16.51     22.84     33.99     14.99     34.82     38.84     56.02     22.31     14.58     11.50     27.07     20.10     12.67
  10     24.85     26.11     20.27      6.55     16.73     29.90     11.92     42.05     16.14      0.00     10.34      6.45     15.63     21.01     11.83     35.97     28.99     57.96      8.03     10.30     12.98     22.53     17.83      7.83
  11     29.33     18.47     23.63      8.50     20.83     24.51      9.07     36.10     19.22     10.34      0.00     10.39     17.56     19.33      8.96     28.79     26.87     50.90     11.31      5.90     18.37     14.08     17.01     14.37
  12     22.89     24.70     20.19      9.91     17.28     27.95     14.16     40.16     16.51      6.45     10.39      0.00     20.31     24.12     13.18     35.35     27.86     56.44     12.20     11.01     12.90     23.55     20.70     11.66
  13     32.69     33.54     25.42     12.76     22.22     37.26     16.01     42.16     22.84     15.63     17.56     20.31      0.00     17.94     16.93     40.16     39.46     62.46     14.36     17.35     20.00     23.74     13.99     12.99
  14     42.45     32.21     34.08     16.37     32.11     41.66     20.26     34.81     33.99     21.01     19.33     24.12     17.94      0.00     23.84     42.81     35.57     64.64     17.07     22.28     28.84     24.91     20.51     23.63
  15     27.19     20.49     19.21     12.01     16.36     21.85      6.11     40.62     14.99     11.83      8.96     13.18     16.93     23.84      0.00     26.50     29.81     49.04     12.95      6.36     15.93     15.00     17.48     11.33
  16     46.45     15.95     41.08     35.15     39.21     12.38     28.44     50.43     34.82     35.97     28.79     35.35     40.16     42.81     26.50      0.00     32.25     23.60     35.29     28.74     40.68     19.70     39.39     37.33
  17     47.22     19.16     42.26     28.26     39.70     27.26     28.96     52.46     38.84     28.99     26.87     27.86     39.46     35.57     29.81     32.25      0.00     46.12     26.24     29.90     38.99     29.01     42.54     35.25
  18     66.01     34.82     61.76     57.01     60.33     29.32     50.85     67.95     56.02     57.96     50.90     56.44     62.46     64.64     49.04     23.60     46.12      0.00     56.89     51.26     62.30     41.59     62.28     59.67
  19     32.20     24.79     24.29      5.05     21.27     30.44     10.39     43.08     22.31      8.03     11.31     12.20     14.36     17.07     12.95     35.29     26.24     56.89      0.00     13.01     18.87     20.37     19.88     12.36
  20     25.68     20.73     18.86     11.01     16.06     24.05      8.34     38.28     14.58     10.30      5.90     11.01     17.35     22.28      6.36     28.74     29.90     51.26     13.01      0.00     14.90     15.51     14.58     11.84
  21     15.44     33.78      9.92     17.19      8.04     33.53     17.73     43.22     11.50     12.98     18.37     12.90     20.00     28.84     15.93     40.68     38.99     62.30     18.87     14.90      0.00     29.46     17.61      9.03
  22     39.72     14.26     32.03     19.59     30.04     21.11     13.97     40.85     27.07     22.53     14.08     23.55     23.74     24.91     15.00     19.70     29.01     41.59     20.37     15.51     29.46      0.00     23.10     24.61
  23     28.74     33.25     21.19     17.40     19.88     37.07     16.72      8.02     20.10     17.83     17.01     20.70     13.99     20.51     17.48     39.39     42.54     62.28     19.88     14.58     17.61     23.10      0.00     15.53
  24     22.03     30.35     15.95     11.09     12.14     31.57     12.73     43.35     12.67      7.83     14.37     11.66     12.99     23.63     11.33     37.33     35.25     59.67     12.36     11.84      9.03     24.61     15.53      0.00

Se unieron: 4 y 19 (distancia: 5.05)

Nivel 1:
             1         2         3         5         6         7         8         9        10        11        12        13        14        15        16        17        18        20        21        22        23        24   (4, 19)
   1      0.00     41.62     18.05     16.55     38.05     30.85     49.38     14.56     24.85     29.33     22.89     32.69     42.45     27.19     46.45     47.22     66.01     25.68     15.44     39.72     28.74     22.03     31.11
   2     41.62      0.00     36.19     34.02     14.33     20.92     43.21     31.02     26.11     18.47     24.70     33.54     32.21     20.49     15.95     19.16     34.82     20.73     33.78     14.26     33.25     30.35     24.74
   3     18.05     36.19      0.00      6.21     34.01     20.95     47.10     14.66     20.27     23.63     20.19     25.42     34.08     19.21     41.08     42.26     61.76     18.86      9.92     32.03     21.19     15.95     24.07
   5     16.55     34.02      6.21      0.00     32.09     19.18     45.99     10.94     16.73     20.83     17.28     22.22     32.11     16.36     39.21     39.70     60.33     16.06      8.04     30.04     19.88     12.14     20.96
   6     38.05     14.33     34.01     32.09      0.00     24.75     50.11     28.06     29.90     24.51     27.95     37.26     41.66     21.85     12.38     27.26     29.32     24.05     33.53     21.11     37.07     31.57     30.37
   7     30.85     20.92     20.95     19.18     24.75      0.00     41.21     19.12     11.92      9.07     14.16     16.01     20.26      6.11     28.44     28.96     50.85      8.34     17.73     13.97     16.72     12.73     10.43
   8     49.38     43.21     47.10     45.99     50.11     41.21      0.00     47.05     42.05     36.10     40.16     42.16     34.81     40.62     50.43     52.46     67.95     38.28     43.22     40.85      8.02     43.35     41.35
   9     14.56     31.02     14.66     10.94     28.06     19.12     47.05      0.00     16.14     19.22     16.51     22.84     33.99     14.99     34.82     38.84     56.02     14.58     11.50     27.07     20.10     12.67     21.50
  10     24.85     26.11     20.27     16.73     29.90     11.92     42.05     16.14      0.00     10.34      6.45     15.63     21.01     11.83     35.97     28.99     57.96     10.30     12.98     22.53     17.83      7.83      7.29
  11     29.33     18.47     23.63     20.83     24.51      9.07     36.10     19.22     10.34      0.00     10.39     17.56     19.33      8.96     28.79     26.87     50.90      5.90     18.37     14.08     17.01     14.37      9.91
  12     22.89     24.70     20.19     17.28     27.95     14.16     40.16     16.51      6.45     10.39      0.00     20.31     24.12     13.18     35.35     27.86     56.44     11.01     12.90     23.55     20.70     11.66     11.06
  13     32.69     33.54     25.42     22.22     37.26     16.01     42.16     22.84     15.63     17.56     20.31      0.00     17.94     16.93     40.16     39.46     62.46     17.35     20.00     23.74     13.99     12.99     13.56
  14     42.45     32.21     34.08     32.11     41.66     20.26     34.81     33.99     21.01     19.33     24.12     17.94      0.00     23.84     42.81     35.57     64.64     22.28     28.84     24.91     20.51     23.63     16.72
  15     27.19     20.49     19.21     16.36     21.85      6.11     40.62     14.99     11.83      8.96     13.18     16.93     23.84      0.00     26.50     29.81     49.04      6.36     15.93     15.00     17.48     11.33     12.48
  16     46.45     15.95     41.08     39.21     12.38     28.44     50.43     34.82     35.97     28.79     35.35     40.16     42.81     26.50      0.00     32.25     23.60     28.74     40.68     19.70     39.39     37.33     35.22
  17     47.22     19.16     42.26     39.70     27.26     28.96     52.46     38.84     28.99     26.87     27.86     39.46     35.57     29.81     32.25      0.00     46.12     29.90     38.99     29.01     42.54     35.25     27.25
  18     66.01     34.82     61.76     60.33     29.32     50.85     67.95     56.02     57.96     50.90     56.44     62.46     64.64     49.04     23.60     46.12      0.00     51.26     62.30     41.59     62.28     59.67     56.95
  20     25.68     20.73     18.86     16.06     24.05      8.34     38.28     14.58     10.30      5.90     11.01     17.35     22.28      6.36     28.74     29.90     51.26      0.00     14.90     15.51     14.58     11.84     12.01
  21     15.44     33.78      9.92      8.04     33.53     17.73     43.22     11.50     12.98     18.37     12.90     20.00     28.84     15.93     40.68     38.99     62.30     14.90      0.00     29.46     17.61      9.03     18.03
  22     39.72     14.26     32.03     30.04     21.11     13.97     40.85     27.07     22.53     14.08     23.55     23.74     24.91     15.00     19.70     29.01     41.59     15.51     29.46      0.00     23.10     24.61     19.98
  23     28.74     33.25     21.19     19.88     37.07     16.72      8.02     20.10     17.83     17.01     20.70     13.99     20.51     17.48     39.39     42.54     62.28     14.58     17.61     23.10      0.00     15.53     18.64
  24     22.03     30.35     15.95     12.14     31.57     12.73     43.35     12.67      7.83     14.37     11.66     12.99     23.63     11.33     37.33     35.25     59.67     11.84      9.03     24.61     15.53      0.00     11.73
(4, 19)     31.11     24.74     24.07     20.96     30.37     10.43     41.35     21.50      7.29      9.91     11.06     13.56     16.72     12.48     35.22     27.25     56.95     12.01     18.03     19.98     18.64     11.73      0.00

Se unieron: 11 y 20 (distancia: 5.90)

Nivel 2:
             1         2         3         5         6         7         8         9        10        12        13        14        15        16        17        18        21        22        23        24   (4, 19)  (11, 20)
   1      0.00     41.62     18.05     16.55     38.05     30.85     49.38     14.56     24.85     22.89     32.69     42.45     27.19     46.45     47.22     66.01     15.44     39.72     28.74     22.03     31.11     27.50
   2     41.62      0.00     36.19     34.02     14.33     20.92     43.21     31.02     26.11     24.70     33.54     32.21     20.49     15.95     19.16     34.82     33.78     14.26     33.25     30.35     24.74     19.60
   3     18.05     36.19      0.00      6.21     34.01     20.95     47.10     14.66     20.27     20.19     25.42     34.08     19.21     41.08     42.26     61.76      9.92     32.03     21.19     15.95     24.07     21.25
   5     16.55     34.02      6.21      0.00     32.09     19.18     45.99     10.94     16.73     17.28     22.22     32.11     16.36     39.21     39.70     60.33      8.04     30.04     19.88     12.14     20.96     18.44
   6     38.05     14.33     34.01     32.09      0.00     24.75     50.11     28.06     29.90     27.95     37.26     41.66     21.85     12.38     27.26     29.32     33.53     21.11     37.07     31.57     30.37     24.28
   7     30.85     20.92     20.95     19.18     24.75      0.00     41.21     19.12     11.92     14.16     16.01     20.26      6.11     28.44     28.96     50.85     17.73     13.97     16.72     12.73     10.43      8.70
   8     49.38     43.21     47.10     45.99     50.11     41.21      0.00     47.05     42.05     40.16     42.16     34.81     40.62     50.43     52.46     67.95     43.22     40.85      8.02     43.35     41.35     37.19
   9     14.56     31.02     14.66     10.94     28.06     19.12     47.05      0.00     16.14     16.51     22.84     33.99     14.99     34.82     38.84     56.02     11.50     27.07     20.10     12.67     21.50     16.90
  10     24.85     26.11     20.27     16.73     29.90     11.92     42.05     16.14      0.00      6.45     15.63     21.01     11.83     35.97     28.99     57.96     12.98     22.53     17.83      7.83      7.29     10.32
  12     22.89     24.70     20.19     17.28     27.95     14.16     40.16     16.51      6.45      0.00     20.31     24.12     13.18     35.35     27.86     56.44     12.90     23.55     20.70     11.66     11.06     10.70
  13     32.69     33.54     25.42     22.22     37.26     16.01     42.16     22.84     15.63     20.31      0.00     17.94     16.93     40.16     39.46     62.46     20.00     23.74     13.99     12.99     13.56     17.45
  14     42.45     32.21     34.08     32.11     41.66     20.26     34.81     33.99     21.01     24.12     17.94      0.00     23.84     42.81     35.57     64.64     28.84     24.91     20.51     23.63     16.72     20.81
  15     27.19     20.49     19.21     16.36     21.85      6.11     40.62     14.99     11.83     13.18     16.93     23.84      0.00     26.50     29.81     49.04     15.93     15.00     17.48     11.33     12.48      7.66
  16     46.45     15.95     41.08     39.21     12.38     28.44     50.43     34.82     35.97     35.35     40.16     42.81     26.50      0.00     32.25     23.60     40.68     19.70     39.39     37.33     35.22     28.77
  17     47.22     19.16     42.26     39.70     27.26     28.96     52.46     38.84     28.99     27.86     39.46     35.57     29.81     32.25      0.00     46.12     38.99     29.01     42.54     35.25     27.25     28.39
  18     66.01     34.82     61.76     60.33     29.32     50.85     67.95     56.02     57.96     56.44     62.46     64.64     49.04     23.60     46.12      0.00     62.30     41.59     62.28     59.67     56.95     51.08
  21     15.44     33.78      9.92      8.04     33.53     17.73     43.22     11.50     12.98     12.90     20.00     28.84     15.93     40.68     38.99     62.30      0.00     29.46     17.61      9.03     18.03     16.63
  22     39.72     14.26     32.03     30.04     21.11     13.97     40.85     27.07     22.53     23.55     23.74     24.91     15.00     19.70     29.01     41.59     29.46      0.00     23.10     24.61     19.98     14.80
  23     28.74     33.25     21.19     19.88     37.07     16.72      8.02     20.10     17.83     20.70     13.99     20.51     17.48     39.39     42.54     62.28     17.61     23.10      0.00     15.53     18.64     15.79
  24     22.03     30.35     15.95     12.14     31.57     12.73     43.35     12.67      7.83     11.66     12.99     23.63     11.33     37.33     35.25     59.67      9.03     24.61     15.53      0.00     11.73     13.11
(4, 19)     31.11     24.74     24.07     20.96     30.37     10.43     41.35     21.50      7.29     11.06     13.56     16.72     12.48     35.22     27.25     56.95     18.03     19.98     18.64     11.73      0.00     10.96
(11, 20)     27.50     19.60     21.25     18.44     24.28      8.70     37.19     16.90     10.32     10.70     17.45     20.81      7.66     28.77     28.39     51.08     16.63     14.80     15.79     13.11     10.96      0.00

Se unieron: 7 y 15 (distancia: 6.11)

Nivel 3:
             1         2         3         5         6         8         9        10        12        13        14        16        17        18        21        22        23        24   (4, 19)  (11, 20)   (7, 15)
   1      0.00     41.62     18.05     16.55     38.05     49.38     14.56     24.85     22.89     32.69     42.45     46.45     47.22     66.01     15.44     39.72     28.74     22.03     31.11     27.50     29.02
   2     41.62      0.00     36.19     34.02     14.33     43.21     31.02     26.11     24.70     33.54     32.21     15.95     19.16     34.82     33.78     14.26     33.25     30.35     24.74     19.60     20.71
   3     18.05     36.19      0.00      6.21     34.01     47.10     14.66     20.27     20.19     25.42     34.08     41.08     42.26     61.76      9.92     32.03     21.19     15.95     24.07     21.25     20.08
   5     16.55     34.02      6.21      0.00     32.09     45.99     10.94     16.73     17.28     22.22     32.11     39.21     39.70     60.33      8.04     30.04     19.88     12.14     20.96     18.44     17.77
   6     38.05     14.33     34.01     32.09      0.00     50.11     28.06     29.90     27.95     37.26     41.66     12.38     27.26     29.32     33.53     21.11     37.07     31.57     30.37     24.28     23.30
   8     49.38     43.21     47.10     45.99     50.11      0.00     47.05     42.05     40.16     42.16     34.81     50.43     52.46     67.95     43.22     40.85      8.02     43.35     41.35     37.19     40.91
   9     14.56     31.02     14.66     10.94     28.06     47.05      0.00     16.14     16.51     22.84     33.99     34.82     38.84     56.02     11.50     27.07     20.10     12.67     21.50     16.90     17.06
  10     24.85     26.11     20.27     16.73     29.90     42.05     16.14      0.00      6.45     15.63     21.01     35.97     28.99     57.96     12.98     22.53     17.83      7.83      7.29     10.32     11.88
  12     22.89     24.70     20.19     17.28     27.95     40.16     16.51      6.45      0.00     20.31     24.12     35.35     27.86     56.44     12.90     23.55     20.70     11.66     11.06     10.70     13.67
  13     32.69     33.54     25.42     22.22     37.26     42.16     22.84     15.63     20.31      0.00     17.94     40.16     39.46     62.46     20.00     23.74     13.99     12.99     13.56     17.45     16.47
  14     42.45     32.21     34.08     32.11     41.66     34.81     33.99     21.01     24.12     17.94      0.00     42.81     35.57     64.64     28.84     24.91     20.51     23.63     16.72     20.81     22.05
  16     46.45     15.95     41.08     39.21     12.38     50.43     34.82     35.97     35.35     40.16     42.81      0.00     32.25     23.60     40.68     19.70     39.39     37.33     35.22     28.77     27.47
  17     47.22     19.16     42.26     39.70     27.26     52.46     38.84     28.99     27.86     39.46     35.57     32.25      0.00     46.12     38.99     29.01     42.54     35.25     27.25     28.39     29.39
  18     66.01     34.82     61.76     60.33     29.32     67.95     56.02     57.96     56.44     62.46     64.64     23.60     46.12      0.00     62.30     41.59     62.28     59.67     56.95     51.08     49.95
  21     15.44     33.78      9.92      8.04     33.53     43.22     11.50     12.98     12.90     20.00     28.84     40.68     38.99     62.30      0.00     29.46     17.61      9.03     18.03     16.63     16.83
  22     39.72     14.26     32.03     30.04     21.11     40.85     27.07     22.53     23.55     23.74     24.91     19.70     29.01     41.59     29.46      0.00     23.10     24.61     19.98     14.80     14.49
  23     28.74     33.25     21.19     19.88     37.07      8.02     20.10     17.83     20.70     13.99     20.51     39.39     42.54     62.28     17.61     23.10      0.00     15.53     18.64     15.79     17.10
  24     22.03     30.35     15.95     12.14     31.57     43.35     12.67      7.83     11.66     12.99     23.63     37.33     35.25     59.67      9.03     24.61     15.53      0.00     11.73     13.11     12.03
(4, 19)     31.11     24.74     24.07     20.96     30.37     41.35     21.50      7.29     11.06     13.56     16.72     35.22     27.25     56.95     18.03     19.98     18.64     11.73      0.00     10.96     11.46
(11, 20)     27.50     19.60     21.25     18.44     24.28     37.19     16.90     10.32     10.70     17.45     20.81     28.77     28.39     51.08     16.63     14.80     15.79     13.11     10.96      0.00      8.18
(7, 15)     29.02     20.71     20.08     17.77     23.30     40.91     17.06     11.88     13.67     16.47     22.05     27.47     29.39     49.95     16.83     14.49     17.10     12.03     11.46      8.18      0.00

Se unieron: 3 y 5 (distancia: 6.21)

Nivel 4:
             1         2         6         8         9        10        12        13        14        16        17        18        21        22        23        24   (4, 19)  (11, 20)   (7, 15)    (3, 5)
   1      0.00     41.62     38.05     49.38     14.56     24.85     22.89     32.69     42.45     46.45     47.22     66.01     15.44     39.72     28.74     22.03     31.11     27.50     29.02     17.30
   2     41.62      0.00     14.33     43.21     31.02     26.11     24.70     33.54     32.21     15.95     19.16     34.82     33.78     14.26     33.25     30.35     24.74     19.60     20.71     35.10
   6     38.05     14.33      0.00     50.11     28.06     29.90     27.95     37.26     41.66     12.38     27.26     29.32     33.53     21.11     37.07     31.57     30.37     24.28     23.30     33.05
   8     49.38     43.21     50.11      0.00     47.05     42.05     40.16     42.16     34.81     50.43     52.46     67.95     43.22     40.85      8.02     43.35     41.35     37.19     40.91     46.55
   9     14.56     31.02     28.06     47.05      0.00     16.14     16.51     22.84     33.99     34.82     38.84     56.02     11.50     27.07     20.10     12.67     21.50     16.90     17.06     12.80
  10     24.85     26.11     29.90     42.05     16.14      0.00      6.45     15.63     21.01     35.97     28.99     57.96     12.98     22.53     17.83      7.83      7.29     10.32     11.88     18.50
  12     22.89     24.70     27.95     40.16     16.51      6.45      0.00     20.31     24.12     35.35     27.86     56.44     12.90     23.55     20.70     11.66     11.06     10.70     13.67     18.73
  13     32.69     33.54     37.26     42.16     22.84     15.63     20.31      0.00     17.94     40.16     39.46     62.46     20.00     23.74     13.99     12.99     13.56     17.45     16.47     23.82
  14     42.45     32.21     41.66     34.81     33.99     21.01     24.12     17.94      0.00     42.81     35.57     64.64     28.84     24.91     20.51     23.63     16.72     20.81     22.05     33.10
  16     46.45     15.95     12.38     50.43     34.82     35.97     35.35     40.16     42.81      0.00     32.25     23.60     40.68     19.70     39.39     37.33     35.22     28.77     27.47     40.15
  17     47.22     19.16     27.26     52.46     38.84     28.99     27.86     39.46     35.57     32.25      0.00     46.12     38.99     29.01     42.54     35.25     27.25     28.39     29.39     40.98
  18     66.01     34.82     29.32     67.95     56.02     57.96     56.44     62.46     64.64     23.60     46.12      0.00     62.30     41.59     62.28     59.67     56.95     51.08     49.95     61.04
  21     15.44     33.78     33.53     43.22     11.50     12.98     12.90     20.00     28.84     40.68     38.99     62.30      0.00     29.46     17.61      9.03     18.03     16.63     16.83      8.98
  22     39.72     14.26     21.11     40.85     27.07     22.53     23.55     23.74     24.91     19.70     29.01     41.59     29.46      0.00     23.10     24.61     19.98     14.80     14.49     31.04
  23     28.74     33.25     37.07      8.02     20.10     17.83     20.70     13.99     20.51     39.39     42.54     62.28     17.61     23.10      0.00     15.53     18.64     15.79     17.10     20.53
  24     22.03     30.35     31.57     43.35     12.67      7.83     11.66     12.99     23.63     37.33     35.25     59.67      9.03     24.61     15.53      0.00     11.73     13.11     12.03     14.05
(4, 19)     31.11     24.74     30.37     41.35     21.50      7.29     11.06     13.56     16.72     35.22     27.25     56.95     18.03     19.98     18.64     11.73      0.00     10.96     11.46     22.51
(11, 20)     27.50     19.60     24.28     37.19     16.90     10.32     10.70     17.45     20.81     28.77     28.39     51.08     16.63     14.80     15.79     13.11     10.96      0.00      8.18     19.85
(7, 15)     29.02     20.71     23.30     40.91     17.06     11.88     13.67     16.47     22.05     27.47     29.39     49.95     16.83     14.49     17.10     12.03     11.46      8.18      0.00     18.93
(3, 5)     17.30     35.10     33.05     46.55     12.80     18.50     18.73     23.82     33.10     40.15     40.98     61.04      8.98     31.04     20.53     14.05     22.51     19.85     18.93      0.00

Se unieron: 10 y 12 (distancia: 6.45)

Nivel 5:
             1         2         6         8         9        13        14        16        17        18        21        22        23        24   (4, 19)  (11, 20)   (7, 15)    (3, 5)  (10, 12)
   1      0.00     41.62     38.05     49.38     14.56     32.69     42.45     46.45     47.22     66.01     15.44     39.72     28.74     22.03     31.11     27.50     29.02     17.30     23.87
   2     41.62      0.00     14.33     43.21     31.02     33.54     32.21     15.95     19.16     34.82     33.78     14.26     33.25     30.35     24.74     19.60     20.71     35.10     25.41
   6     38.05     14.33      0.00     50.11     28.06     37.26     41.66     12.38     27.26     29.32     33.53     21.11     37.07     31.57     30.37     24.28     23.30     33.05     28.92
   8     49.38     43.21     50.11      0.00     47.05     42.16     34.81     50.43     52.46     67.95     43.22     40.85      8.02     43.35     41.35     37.19     40.91     46.55     41.11
   9     14.56     31.02     28.06     47.05      0.00     22.84     33.99     34.82     38.84     56.02     11.50     27.07     20.10     12.67     21.50     16.90     17.06     12.80     16.33
  13     32.69     33.54     37.26     42.16     22.84      0.00     17.94     40.16     39.46     62.46     20.00     23.74     13.99     12.99     13.56     17.45     16.47     23.82     17.97
  14     42.45     32.21     41.66     34.81     33.99     17.94      0.00     42.81     35.57     64.64     28.84     24.91     20.51     23.63     16.72     20.81     22.05     33.10     22.56
  16     46.45     15.95     12.38     50.43     34.82     40.16     42.81      0.00     32.25     23.60     40.68     19.70     39.39     37.33     35.22     28.77     27.47     40.15     35.66
  17     47.22     19.16     27.26     52.46     38.84     39.46     35.57     32.25      0.00     46.12     38.99     29.01     42.54     35.25     27.25     28.39     29.39     40.98     28.43
  18     66.01     34.82     29.32     67.95     56.02     62.46     64.64     23.60     46.12      0.00     62.30     41.59     62.28     59.67     56.95     51.08     49.95     61.04     57.20
  21     15.44     33.78     33.53     43.22     11.50     20.00     28.84     40.68     38.99     62.30      0.00     29.46     17.61      9.03     18.03     16.63     16.83      8.98     12.94
  22     39.72     14.26     21.11     40.85     27.07     23.74     24.91     19.70     29.01     41.59     29.46      0.00     23.10     24.61     19.98     14.80     14.49     31.04     23.04
  23     28.74     33.25     37.07      8.02     20.10     13.99     20.51     39.39     42.54     62.28     17.61     23.10      0.00     15.53     18.64     15.79     17.10     20.53     19.27
  24     22.03     30.35     31.57     43.35     12.67     12.99     23.63     37.33     35.25     59.67      9.03     24.61     15.53      0.00     11.73     13.11     12.03     14.05      9.75
(4, 19)     31.11     24.74     30.37     41.35     21.50     13.56     16.72     35.22     27.25     56.95     18.03     19.98     18.64     11.73      0.00     10.96     11.46     22.51      9.17
(11, 20)     27.50     19.60     24.28     37.19     16.90     17.45     20.81     28.77     28.39     51.08     16.63     14.80     15.79     13.11     10.96      0.00      8.18     19.85     10.51
(7, 15)     29.02     20.71     23.30     40.91     17.06     16.47     22.05     27.47     29.39     49.95     16.83     14.49     17.10     12.03     11.46      8.18      0.00     18.93     12.77
(3, 5)     17.30     35.10     33.05     46.55     12.80     23.82     33.10     40.15     40.98     61.04      8.98     31.04     20.53     14.05     22.51     19.85     18.93      0.00     18.62
(10, 12)     23.87     25.41     28.92     41.11     16.33     17.97     22.56     35.66     28.43     57.20     12.94     23.04     19.27      9.75      9.17     10.51     12.77     18.62      0.00

Se unieron: 8 y 23 (distancia: 8.02)

Nivel 6:
             1         2         6         9        13        14        16        17        18        21        22        24   (4, 19)  (11, 20)   (7, 15)    (3, 5)  (10, 12)   (8, 23)
   1      0.00     41.62     38.05     14.56     32.69     42.45     46.45     47.22     66.01     15.44     39.72     22.03     31.11     27.50     29.02     17.30     23.87     39.06
   2     41.62      0.00     14.33     31.02     33.54     32.21     15.95     19.16     34.82     33.78     14.26     30.35     24.74     19.60     20.71     35.10     25.41     38.23
   6     38.05     14.33      0.00     28.06     37.26     41.66     12.38     27.26     29.32     33.53     21.11     31.57     30.37     24.28     23.30     33.05     28.92     43.59
   9     14.56     31.02     28.06      0.00     22.84     33.99     34.82     38.84     56.02     11.50     27.07     12.67     21.50     16.90     17.06     12.80     16.33     33.58
  13     32.69     33.54     37.26     22.84      0.00     17.94     40.16     39.46     62.46     20.00     23.74     12.99     13.56     17.45     16.47     23.82     17.97     28.07
  14     42.45     32.21     41.66     33.99     17.94      0.00     42.81     35.57     64.64     28.84     24.91     23.63     16.72     20.81     22.05     33.10     22.56     27.66
  16     46.45     15.95     12.38     34.82     40.16     42.81      0.00     32.25     23.60     40.68     19.70     37.33     35.22     28.77     27.47     40.15     35.66     44.91
  17     47.22     19.16     27.26     38.84     39.46     35.57     32.25      0.00     46.12     38.99     29.01     35.25     27.25     28.39     29.39     40.98     28.43     47.50
  18     66.01     34.82     29.32     56.02     62.46     64.64     23.60     46.12      0.00     62.30     41.59     59.67     56.95     51.08     49.95     61.04     57.20     65.12
  21     15.44     33.78     33.53     11.50     20.00     28.84     40.68     38.99     62.30      0.00     29.46      9.03     18.03     16.63     16.83      8.98     12.94     30.41
  22     39.72     14.26     21.11     27.07     23.74     24.91     19.70     29.01     41.59     29.46      0.00     24.61     19.98     14.80     14.49     31.04     23.04     31.98
  24     22.03     30.35     31.57     12.67     12.99     23.63     37.33     35.25     59.67      9.03     24.61      0.00     11.73     13.11     12.03     14.05      9.75     29.44
(4, 19)     31.11     24.74     30.37     21.50     13.56     16.72     35.22     27.25     56.95     18.03     19.98     11.73      0.00     10.96     11.46     22.51      9.17     29.99
(11, 20)     27.50     19.60     24.28     16.90     17.45     20.81     28.77     28.39     51.08     16.63     14.80     13.11     10.96      0.00      8.18     19.85     10.51     26.49
(7, 15)     29.02     20.71     23.30     17.06     16.47     22.05     27.47     29.39     49.95     16.83     14.49     12.03     11.46      8.18      0.00     18.93     12.77     29.01
(3, 5)     17.30     35.10     33.05     12.80     23.82     33.10     40.15     40.98     61.04      8.98     31.04     14.05     22.51     19.85     18.93      0.00     18.62     33.54
(10, 12)     23.87     25.41     28.92     16.33     17.97     22.56     35.66     28.43     57.20     12.94     23.04      9.75      9.17     10.51     12.77     18.62      0.00     30.19
(8, 23)     39.06     38.23     43.59     33.58     28.07     27.66     44.91     47.50     65.12     30.41     31.98     29.44     29.99     26.49     29.01     33.54     30.19      0.00

Se unieron: (11, 20) y (7, 15) (distancia: 8.18)

Nivel 7:
             1         2         6         9        13        14        16        17        18        21        22        24   (4, 19)    (3, 5)  (10, 12)   (8, 23)((11, 20), (7, 15))
   1      0.00     41.62     38.05     14.56     32.69     42.45     46.45     47.22     66.01     15.44     39.72     22.03     31.11     17.30     23.87     39.06     28.26
   2     41.62      0.00     14.33     31.02     33.54     32.21     15.95     19.16     34.82     33.78     14.26     30.35     24.74     35.10     25.41     38.23     20.15
   6     38.05     14.33      0.00     28.06     37.26     41.66     12.38     27.26     29.32     33.53     21.11     31.57     30.37     33.05     28.92     43.59     23.79
   9     14.56     31.02     28.06      0.00     22.84     33.99     34.82     38.84     56.02     11.50     27.07     12.67     21.50     12.80     16.33     33.58     16.98
  13     32.69     33.54     37.26     22.84      0.00     17.94     40.16     39.46     62.46     20.00     23.74     12.99     13.56     23.82     17.97     28.07     16.96
  14     42.45     32.21     41.66     33.99     17.94      0.00     42.81     35.57     64.64     28.84     24.91     23.63     16.72     33.10     22.56     27.66     21.43
  16     46.45     15.95     12.38     34.82     40.16     42.81      0.00     32.25     23.60     40.68     19.70     37.33     35.22     40.15     35.66     44.91     28.12
  17     47.22     19.16     27.26     38.84     39.46     35.57     32.25      0.00     46.12     38.99     29.01     35.25     27.25     40.98     28.43     47.50     28.89
  18     66.01     34.82     29.32     56.02     62.46     64.64     23.60     46.12      0.00     62.30     41.59     59.67     56.95     61.04     57.20     65.12     50.51
  21     15.44     33.78     33.53     11.50     20.00     28.84     40.68     38.99     62.30      0.00     29.46      9.03     18.03      8.98     12.94     30.41     16.73
  22     39.72     14.26     21.11     27.07     23.74     24.91     19.70     29.01     41.59     29.46      0.00     24.61     19.98     31.04     23.04     31.98     14.64
  24     22.03     30.35     31.57     12.67     12.99     23.63     37.33     35.25     59.67      9.03     24.61      0.00     11.73     14.05      9.75     29.44     12.57
(4, 19)     31.11     24.74     30.37     21.50     13.56     16.72     35.22     27.25     56.95     18.03     19.98     11.73      0.00     22.51      9.17     29.99     11.21
(3, 5)     17.30     35.10     33.05     12.80     23.82     33.10     40.15     40.98     61.04      8.98     31.04     14.05     22.51      0.00     18.62     33.54     19.39
(10, 12)     23.87     25.41     28.92     16.33     17.97     22.56     35.66     28.43     57.20     12.94     23.04      9.75      9.17     18.62      0.00     30.19     11.64
(8, 23)     39.06     38.23     43.59     33.58     28.07     27.66     44.91     47.50     65.12     30.41     31.98     29.44     29.99     33.54     30.19      0.00     27.75
((11, 20), (7, 15))     28.26     20.15     23.79     16.98     16.96     21.43     28.12     28.89     50.51     16.73     14.64     12.57     11.21     19.39     11.64     27.75      0.00

Se unieron: 21 y (3, 5) (distancia: 8.98)

Nivel 8:
             1         2         6         9        13        14        16        17        18        22        24   (4, 19)  (10, 12)   (8, 23)((11, 20), (7, 15))(21, (3, 5))
   1      0.00     41.62     38.05     14.56     32.69     42.45     46.45     47.22     66.01     39.72     22.03     31.11     23.87     39.06     28.26     16.37
   2     41.62      0.00     14.33     31.02     33.54     32.21     15.95     19.16     34.82     14.26     30.35     24.74     25.41     38.23     20.15     34.44
   6     38.05     14.33      0.00     28.06     37.26     41.66     12.38     27.26     29.32     21.11     31.57     30.37     28.92     43.59     23.79     33.29
   9     14.56     31.02     28.06      0.00     22.84     33.99     34.82     38.84     56.02     27.07     12.67     21.50     16.33     33.58     16.98     12.15
  13     32.69     33.54     37.26     22.84      0.00     17.94     40.16     39.46     62.46     23.74     12.99     13.56     17.97     28.07     16.96     21.91
  14     42.45     32.21     41.66     33.99     17.94      0.00     42.81     35.57     64.64     24.91     23.63     16.72     22.56     27.66     21.43     30.97
  16     46.45     15.95     12.38     34.82     40.16     42.81      0.00     32.25     23.60     19.70     37.33     35.22     35.66     44.91     28.12     40.41
  17     47.22     19.16     27.26     38.84     39.46     35.57     32.25      0.00     46.12     29.01     35.25     27.25     28.43     47.50     28.89     39.98
  18     66.01     34.82     29.32     56.02     62.46     64.64     23.60     46.12      0.00     41.59     59.67     56.95     57.20     65.12     50.51     61.67
  22     39.72     14.26     21.11     27.07     23.74     24.91     19.70     29.01     41.59      0.00     24.61     19.98     23.04     31.98     14.64     30.25
  24     22.03     30.35     31.57     12.67     12.99     23.63     37.33     35.25     59.67     24.61      0.00     11.73      9.75     29.44     12.57     11.54
(4, 19)     31.11     24.74     30.37     21.50     13.56     16.72     35.22     27.25     56.95     19.98     11.73      0.00      9.17     29.99     11.21     20.27
(10, 12)     23.87     25.41     28.92     16.33     17.97     22.56     35.66     28.43     57.20     23.04      9.75      9.17      0.00     30.19     11.64     15.78
(8, 23)     39.06     38.23     43.59     33.58     28.07     27.66     44.91     47.50     65.12     31.98     29.44     29.99     30.19      0.00     27.75     31.98
((11, 20), (7, 15))     28.26     20.15     23.79     16.98     16.96     21.43     28.12     28.89     50.51     14.64     12.57     11.21     11.64     27.75      0.00     18.06
(21, (3, 5))     16.37     34.44     33.29     12.15     21.91     30.97     40.41     39.98     61.67     30.25     11.54     20.27     15.78     31.98     18.06      0.00

Se unieron: (4, 19) y (10, 12) (distancia: 9.17)

Nivel 9:
             1         2         6         9        13        14        16        17        18        22        24   (8, 23)((11, 20), (7, 15))(21, (3, 5))((4, 19), (10, 12))
   1      0.00     41.62     38.05     14.56     32.69     42.45     46.45     47.22     66.01     39.72     22.03     39.06     28.26     16.37     27.49
   2     41.62      0.00     14.33     31.02     33.54     32.21     15.95     19.16     34.82     14.26     30.35     38.23     20.15     34.44     25.07
   6     38.05     14.33      0.00     28.06     37.26     41.66     12.38     27.26     29.32     21.11     31.57     43.59     23.79     33.29     29.65
   9     14.56     31.02     28.06      0.00     22.84     33.99     34.82     38.84     56.02     27.07     12.67     33.58     16.98     12.15     18.91
  13     32.69     33.54     37.26     22.84      0.00     17.94     40.16     39.46     62.46     23.74     12.99     28.07     16.96     21.91     15.76
  14     42.45     32.21     41.66     33.99     17.94      0.00     42.81     35.57     64.64     24.91     23.63     27.66     21.43     30.97     19.64
  16     46.45     15.95     12.38     34.82     40.16     42.81      0.00     32.25     23.60     19.70     37.33     44.91     28.12     40.41     35.44
  17     47.22     19.16     27.26     38.84     39.46     35.57     32.25      0.00     46.12     29.01     35.25     47.50     28.89     39.98     27.84
  18     66.01     34.82     29.32     56.02     62.46     64.64     23.60     46.12      0.00     41.59     59.67     65.12     50.51     61.67     57.08
  22     39.72     14.26     21.11     27.07     23.74     24.91     19.70     29.01     41.59      0.00     24.61     31.98     14.64     30.25     21.51
  24     22.03     30.35     31.57     12.67     12.99     23.63     37.33     35.25     59.67     24.61      0.00     29.44     12.57     11.54     10.74
(8, 23)     39.06     38.23     43.59     33.58     28.07     27.66     44.91     47.50     65.12     31.98     29.44      0.00     27.75     31.98     30.09
((11, 20), (7, 15))     28.26     20.15     23.79     16.98     16.96     21.43     28.12     28.89     50.51     14.64     12.57     27.75      0.00     18.06     11.42
(21, (3, 5))     16.37     34.44     33.29     12.15     21.91     30.97     40.41     39.98     61.67     30.25     11.54     31.98     18.06      0.00     18.03
((4, 19), (10, 12))     27.49     25.07     29.65     18.91     15.76     19.64     35.44     27.84     57.08     21.51     10.74     30.09     11.42     18.03      0.00

Se unieron: 24 y ((4, 19), (10, 12)) (distancia: 10.74)

Nivel 10:
             1         2         6         9        13        14        16        17        18        22   (8, 23)((11, 20), (7, 15))(21, (3, 5))(24, ((4, 19), (10, 12)))
   1      0.00     41.62     38.05     14.56     32.69     42.45     46.45     47.22     66.01     39.72     39.06     28.26     16.37     24.76
   2     41.62      0.00     14.33     31.02     33.54     32.21     15.95     19.16     34.82     14.26     38.23     20.15     34.44     27.71
   6     38.05     14.33      0.00     28.06     37.26     41.66     12.38     27.26     29.32     21.11     43.59     23.79     33.29     30.61
   9     14.56     31.02     28.06      0.00     22.84     33.99     34.82     38.84     56.02     27.07     33.58     16.98     12.15     15.79
  13     32.69     33.54     37.26     22.84      0.00     17.94     40.16     39.46     62.46     23.74     28.07     16.96     21.91     14.38
  14     42.45     32.21     41.66     33.99     17.94      0.00     42.81     35.57     64.64     24.91     27.66     21.43     30.97     21.64
  16     46.45     15.95     12.38     34.82     40.16     42.81      0.00     32.25     23.60     19.70     44.91     28.12     40.41     36.39
  17     47.22     19.16     27.26     38.84     39.46     35.57     32.25      0.00     46.12     29.01     47.50     28.89     39.98     31.54
  18     66.01     34.82     29.32     56.02     62.46     64.64     23.60     46.12      0.00     41.59     65.12     50.51     61.67     58.38
  22     39.72     14.26     21.11     27.07     23.74     24.91     19.70     29.01     41.59      0.00     31.98     14.64     30.25     23.06
(8, 23)     39.06     38.23     43.59     33.58     28.07     27.66     44.91     47.50     65.12     31.98      0.00     27.75     31.98     29.76
((11, 20), (7, 15))     28.26     20.15     23.79     16.98     16.96     21.43     28.12     28.89     50.51     14.64     27.75      0.00     18.06     12.00
(21, (3, 5))     16.37     34.44     33.29     12.15     21.91     30.97     40.41     39.98     61.67     30.25     31.98     18.06      0.00     14.78
(24, ((4, 19), (10, 12)))     24.76     27.71     30.61     15.79     14.38     21.64     36.39     31.54     58.38     23.06     29.76     12.00     14.78      0.00

Se unieron: ((11, 20), (7, 15)) y (24, ((4, 19), (10, 12))) (distancia: 12.00)

Nivel 11:
             1         2         6         9        13        14        16        17        18        22   (8, 23)(21, (3, 5))(((11, 20), (7, 15)), (24, ((4, 19), (10, 12))))
   1      0.00     41.62     38.05     14.56     32.69     42.45     46.45     47.22     66.01     39.72     39.06     16.37     26.51
   2     41.62      0.00     14.33     31.02     33.54     32.21     15.95     19.16     34.82     14.26     38.23     34.44     23.93
   6     38.05     14.33      0.00     28.06     37.26     41.66     12.38     27.26     29.32     21.11     43.59     33.29     27.20
   9     14.56     31.02     28.06      0.00     22.84     33.99     34.82     38.84     56.02     27.07     33.58     12.15     16.39
  13     32.69     33.54     37.26     22.84      0.00     17.94     40.16     39.46     62.46     23.74     28.07     21.91     15.67
  14     42.45     32.21     41.66     33.99     17.94      0.00     42.81     35.57     64.64     24.91     27.66     30.97     21.53
  16     46.45     15.95     12.38     34.82     40.16     42.81      0.00     32.25     23.60     19.70     44.91     40.41     32.25
  17     47.22     19.16     27.26     38.84     39.46     35.57     32.25      0.00     46.12     29.01     47.50     39.98     30.22
  18     66.01     34.82     29.32     56.02     62.46     64.64     23.60     46.12      0.00     41.59     65.12     61.67     54.44
  22     39.72     14.26     21.11     27.07     23.74     24.91     19.70     29.01     41.59      0.00     31.98     30.25     18.85
(8, 23)     39.06     38.23     43.59     33.58     28.07     27.66     44.91     47.50     65.12     31.98      0.00     31.98     28.76
(21, (3, 5))     16.37     34.44     33.29     12.15     21.91     30.97     40.41     39.98     61.67     30.25     31.98      0.00     16.42
(((11, 20), (7, 15)), (24, ((4, 19), (10, 12))))     26.51     23.93     27.20     16.39     15.67     21.53     32.25     30.22     54.44     18.85     28.76     16.42      0.00

Se unieron: 9 y (21, (3, 5)) (distancia: 12.15)

Nivel 12:
             1         2         6        13        14        16        17        18        22   (8, 23)(((11, 20), (7, 15)), (24, ((4, 19), (10, 12))))(9, (21, (3, 5)))
   1      0.00     41.62     38.05     32.69     42.45     46.45     47.22     66.01     39.72     39.06     26.51     15.47
   2     41.62      0.00     14.33     33.54     32.21     15.95     19.16     34.82     14.26     38.23     23.93     32.73
   6     38.05     14.33      0.00     37.26     41.66     12.38     27.26     29.32     21.11     43.59     27.20     30.67
  13     32.69     33.54     37.26      0.00     17.94     40.16     39.46     62.46     23.74     28.07     15.67     22.38
  14     42.45     32.21     41.66     17.94      0.00     42.81     35.57     64.64     24.91     27.66     21.53     32.48
  16     46.45     15.95     12.38     40.16     42.81      0.00     32.25     23.60     19.70     44.91     32.25     37.62
  17     47.22     19.16     27.26     39.46     35.57     32.25      0.00     46.12     29.01     47.50     30.22     39.41
  18     66.01     34.82     29.32     62.46     64.64     23.60     46.12      0.00     41.59     65.12     54.44     58.85
  22     39.72     14.26     21.11     23.74     24.91     19.70     29.01     41.59      0.00     31.98     18.85     28.66
(8, 23)     39.06     38.23     43.59     28.07     27.66     44.91     47.50     65.12     31.98      0.00     28.76     32.78
(((11, 20), (7, 15)), (24, ((4, 19), (10, 12))))     26.51     23.93     27.20     15.67     21.53     32.25     30.22     54.44     18.85     28.76      0.00     16.40
(9, (21, (3, 5)))     15.47     32.73     30.67     22.38     32.48     37.62     39.41     58.85     28.66     32.78     16.40      0.00

Se unieron: 6 y 16 (distancia: 12.38)

Nivel 13:
             1         2        13        14        17        18        22   (8, 23)(((11, 20), (7, 15)), (24, ((4, 19), (10, 12))))(9, (21, (3, 5)))   (6, 16)
   1      0.00     41.62     32.69     42.45     47.22     66.01     39.72     39.06     26.51     15.47     42.25
   2     41.62      0.00     33.54     32.21     19.16     34.82     14.26     38.23     23.93     32.73     15.14
  13     32.69     33.54      0.00     17.94     39.46     62.46     23.74     28.07     15.67     22.38     38.71
  14     42.45     32.21     17.94      0.00     35.57     64.64     24.91     27.66     21.53     32.48     42.23
  17     47.22     19.16     39.46     35.57      0.00     46.12     29.01     47.50     30.22     39.41     29.75
  18     66.01     34.82     62.46     64.64     46.12      0.00     41.59     65.12     54.44     58.85     26.46
  22     39.72     14.26     23.74     24.91     29.01     41.59      0.00     31.98     18.85     28.66     20.41
(8, 23)     39.06     38.23     28.07     27.66     47.50     65.12     31.98      0.00     28.76     32.78     44.25
(((11, 20), (7, 15)), (24, ((4, 19), (10, 12))))     26.51     23.93     15.67     21.53     30.22     54.44     18.85     28.76      0.00     16.40     29.73
(9, (21, (3, 5)))     15.47     32.73     22.38     32.48     39.41     58.85     28.66     32.78     16.40      0.00     34.14
(6, 16)     42.25     15.14     38.71     42.23     29.75     26.46     20.41     44.25     29.73     34.14      0.00

Se unieron: 2 y 22 (distancia: 14.26)

Nivel 14:
             1        13        14        17        18   (8, 23)(((11, 20), (7, 15)), (24, ((4, 19), (10, 12))))(9, (21, (3, 5)))   (6, 16)   (2, 22)
   1      0.00     32.69     42.45     47.22     66.01     39.06     26.51     15.47     42.25     40.67
  13     32.69      0.00     17.94     39.46     62.46     28.07     15.67     22.38     38.71     28.64
  14     42.45     17.94      0.00     35.57     64.64     27.66     21.53     32.48     42.23     28.56
  17     47.22     39.46     35.57      0.00     46.12     47.50     30.22     39.41     29.75     24.08
  18     66.01     62.46     64.64     46.12      0.00     65.12     54.44     58.85     26.46     38.20
(8, 23)     39.06     28.07     27.66     47.50     65.12      0.00     28.76     32.78     44.25     35.10
(((11, 20), (7, 15)), (24, ((4, 19), (10, 12))))     26.51     15.67     21.53     30.22     54.44     28.76      0.00     16.40     29.73     21.39
(9, (21, (3, 5)))     15.47     22.38     32.48     39.41     58.85     32.78     16.40      0.00     34.14     30.69
(6, 16)     42.25     38.71     42.23     29.75     26.46     44.25     29.73     34.14      0.00     17.78
(2, 22)     40.67     28.64     28.56     24.08     38.20     35.10     21.39     30.69     17.78      0.00

Se unieron: 1 y (9, (21, (3, 5))) (distancia: 15.47)

Nivel 15:
            13        14        17        18   (8, 23)(((11, 20), (7, 15)), (24, ((4, 19), (10, 12))))   (6, 16)   (2, 22)(1, (9, (21, (3, 5))))
  13      0.00     17.94     39.46     62.46     28.07     15.67     38.71     28.64     27.53
  14     17.94      0.00     35.57     64.64     27.66     21.53     42.23     28.56     37.46
  17     39.46     35.57      0.00     46.12     47.50     30.22     29.75     24.08     43.31
  18     62.46     64.64     46.12      0.00     65.12     54.44     26.46     38.20     62.43
(8, 23)     28.07     27.66     47.50     65.12      0.00     28.76     44.25     35.10     35.92
(((11, 20), (7, 15)), (24, ((4, 19), (10, 12))))     15.67     21.53     30.22     54.44     28.76      0.00     29.73     21.39     21.46
(6, 16)     38.71     42.23     29.75     26.46     44.25     29.73      0.00     17.78     38.20
(2, 22)     28.64     28.56     24.08     38.20     35.10     21.39     17.78      0.00     35.68
(1, (9, (21, (3, 5))))     27.53     37.46     43.31     62.43     35.92     21.46     38.20     35.68      0.00

Se unieron: 13 y (((11, 20), (7, 15)), (24, ((4, 19), (10, 12)))) (distancia: 15.67)

Nivel 16:
            14        17        18   (8, 23)   (6, 16)   (2, 22)(1, (9, (21, (3, 5))))(13, (((11, 20), (7, 15)), (24, ((4, 19), (10, 12)))))
  14      0.00     35.57     64.64     27.66     42.23     28.56     37.46     19.74
  17     35.57      0.00     46.12     47.50     29.75     24.08     43.31     34.84
  18     64.64     46.12      0.00     65.12     26.46     38.20     62.43     58.45
(8, 23)     27.66     47.50     65.12      0.00     44.25     35.10     35.92     28.41
(6, 16)     42.23     29.75     26.46     44.25      0.00     17.78     38.20     34.22
(2, 22)     28.56     24.08     38.20     35.10     17.78      0.00     35.68     25.02
(1, (9, (21, (3, 5))))     37.46     43.31     62.43     35.92     38.20     35.68      0.00     24.50
(13, (((11, 20), (7, 15)), (24, ((4, 19), (10, 12)))))     19.74     34.84     58.45     28.41     34.22     25.02     24.50      0.00

Se unieron: (6, 16) y (2, 22) (distancia: 17.78)

Nivel 17:
            14        17        18   (8, 23)(1, (9, (21, (3, 5))))(13, (((11, 20), (7, 15)), (24, ((4, 19), (10, 12)))))((6, 16), (2, 22))
  14      0.00     35.57     64.64     27.66     37.46     19.74     35.40
  17     35.57      0.00     46.12     47.50     43.31     34.84     26.92
  18     64.64     46.12      0.00     65.12     62.43     58.45     32.33
(8, 23)     27.66     47.50     65.12      0.00     35.92     28.41     39.68
(1, (9, (21, (3, 5))))     37.46     43.31     62.43     35.92      0.00     24.50     36.94
(13, (((11, 20), (7, 15)), (24, ((4, 19), (10, 12)))))     19.74     34.84     58.45     28.41     24.50      0.00     29.62
((6, 16), (2, 22))     35.40     26.92     32.33     39.68     36.94     29.62      0.00

Se unieron: 14 y (13, (((11, 20), (7, 15)), (24, ((4, 19), (10, 12))))) (distancia: 19.74)

Nivel 18:
            17        18   (8, 23)(1, (9, (21, (3, 5))))((6, 16), (2, 22))(14, (13, (((11, 20), (7, 15)), (24, ((4, 19), (10, 12))))))
  17      0.00     46.12     47.50     43.31     26.92     35.20
  18     46.12      0.00     65.12     62.43     32.33     61.55
(8, 23)     47.50     65.12      0.00     35.92     39.68     28.04
(1, (9, (21, (3, 5))))     43.31     62.43     35.92      0.00     36.94     30.98
((6, 16), (2, 22))     26.92     32.33     39.68     36.94      0.00     32.51
(14, (13, (((11, 20), (7, 15)), (24, ((4, 19), (10, 12))))))     35.20     61.55     28.04     30.98     32.51      0.00

Se unieron: 17 y ((6, 16), (2, 22)) (distancia: 26.92)

Nivel 19:
            18   (8, 23)(1, (9, (21, (3, 5))))(14, (13, (((11, 20), (7, 15)), (24, ((4, 19), (10, 12))))))(17, ((6, 16), (2, 22)))
  18      0.00     65.12     62.43     61.55     39.23
(8, 23)     65.12      0.00     35.92     28.04     43.59
(1, (9, (21, (3, 5))))     62.43     35.92      0.00     30.98     40.13
(14, (13, (((11, 20), (7, 15)), (24, ((4, 19), (10, 12))))))     61.55     28.04     30.98      0.00     33.86
(17, ((6, 16), (2, 22)))     39.23     43.59     40.13     33.86      0.00

Se unieron: (8, 23) y (14, (13, (((11, 20), (7, 15)), (24, ((4, 19), (10, 12)))))) (distancia: 28.04)

Nivel 20:
            18(1, (9, (21, (3, 5))))(17, ((6, 16), (2, 22)))((8, 23), (14, (13, (((11, 20), (7, 15)), (24, ((4, 19), (10, 12)))))))
  18      0.00     62.43     39.23     63.33
(1, (9, (21, (3, 5))))     62.43      0.00     40.13     33.45
(17, ((6, 16), (2, 22)))     39.23     40.13      0.00     38.72
((8, 23), (14, (13, (((11, 20), (7, 15)), (24, ((4, 19), (10, 12)))))))     63.33     33.45     38.72      0.00

Se unieron: (1, (9, (21, (3, 5)))) y ((8, 23), (14, (13, (((11, 20), (7, 15)), (24, ((4, 19), (10, 12))))))) (distancia: 33.45)

Nivel 21:
            18(17, ((6, 16), (2, 22)))((1, (9, (21, (3, 5)))), ((8, 23), (14, (13, (((11, 20), (7, 15)), (24, ((4, 19), (10, 12))))))))
  18      0.00     39.23     62.88
(17, ((6, 16), (2, 22)))     39.23      0.00     39.42
((1, (9, (21, (3, 5)))), ((8, 23), (14, (13, (((11, 20), (7, 15)), (24, ((4, 19), (10, 12))))))))     62.88     39.42      0.00

Se unieron: 18 y (17, ((6, 16), (2, 22))) (distancia: 39.23)

Nivel 22:
    ((1, (9, (21, (3, 5)))), ((8, 23), (14, (13, (((11, 20), (7, 15)), (24, ((4, 19), (10, 12))))))))(18, (17, ((6, 16), (2, 22))))
((1, (9, (21, (3, 5)))), ((8, 23), (14, (13, (((11, 20), (7, 15)), (24, ((4, 19), (10, 12))))))))      0.00     51.15
(18, (17, ((6, 16), (2, 22))))     51.15      0.00

Se unieron: ((1, (9, (21, (3, 5)))), ((8, 23), (14, (13, (((11, 20), (7, 15)), (24, ((4, 19), (10, 12)))))))) y (18, (17, ((6, 16), (2, 22)))) (distancia: 51.15)


Resumen de niveles de agrupamiento:
Nivel 0: (4, 19)  distancia: 5.051201
Nivel 1: (11, 20)  distancia: 5.896250
Nivel 2: (7, 15)  distancia: 6.107261
Nivel 3: (3, 5)  distancia: 6.208849
Nivel 4: (10, 12)  distancia: 6.449034
Nivel 5: (8, 23)  distancia: 8.018821
Nivel 6: ((11, 20), (7, 15))  distancia: 8.183068
Nivel 7: (21, (3, 5))  distancia: 8.983052
Nivel 8: ((4, 19), (10, 12))  distancia: 9.174267
Nivel 9: (24, ((4, 19), (10, 12)))  distancia: 10.736560
Nivel 10: (((11, 20), (7, 15)), (24, ((4, 19), (10, 12))))  distancia: 11.996381
Nivel 11: (9, (21, (3, 5)))  distancia: 12.152789
Nivel 12: (6, 16)  distancia: 12.379022
Nivel 13: (2, 22)  distancia: 14.264120
Nivel 14: (1, (9, (21, (3, 5))))  distancia: 15.466631
Nivel 15: (13, (((11, 20), (7, 15)), (24, ((4, 19), (10, 12)))))  distancia: 15.668806
Nivel 16: ((6, 16), (2, 22))  distancia: 17.775629
Nivel 17: (14, (13, (((11, 20), (7, 15)), (24, ((4, 19), (10, 12))))))  distancia: 19.736455
Nivel 18: (17, ((6, 16), (2, 22)))  distancia: 26.918658
Nivel 19: ((8, 23), (14, (13, (((11, 20), (7, 15)), (24, ((4, 19), (10, 12)))))))  distancia: 28.037924
Nivel 20: ((1, (9, (21, (3, 5)))), ((8, 23), (14, (13, (((11, 20), (7, 15)), (24, ((4, 19), (10, 12))))))))  distancia: 33.449636
Nivel 21: (18, (17, ((6, 16), (2, 22))))  distancia: 39.228467
Nivel 22: (((1, (9, (21, (3, 5)))), ((8, 23), (14, (13, (((11, 20), (7, 15)), (24, ((4, 19), (10, 12)))))))), (18, (17, ((6, 16), (2, 22)))))  distancia: 51.152665

Dendograma: (((1, (9, (21, (3, 5)))), ((8, 23), (14, (13, (((11, 20), (7, 15)), (24, ((4, 19), (10, 12)))))))), (18, (17, ((6, 16), (2, 22)))))
